29
33
12
23
30
60
233
42
81
474
251
48
144
27
722
922
52
388
122
473
51
160
644
775
72
16
104
297
139
749
477
995
235
766
813
100
1003
877
301
304
778
99
80
466
969
886
239
770
850
314
83
930
142
67
863
44
458
340
828
49
663
912
25
476
438
1028
73
748
307
312
630
467
295
531
282
1030
1319
1015
823
942
137
902
792
245
978
1018
492
299
143
921
31
745
368
131
2045
1576
574
456
316
289
834
481
536
101
692
419
905
393
1036
993
1413
1023
972
782
1334
1280
279
355
439
1017
84
814
623
365
465
838
1863
1077
1235
1557
66
1245
888
1894
907
1066
2377
767
992
1124
3720
751
761
831
416
1042
789
1038
1033
3216
6
475
397
967
584
2228
824
708
1101
527
870
428
482
10268
626
391
785
4300
563
1162
683
498
764
1821
449
1545
705
1636
451
2351
1571
1065
28
2863
148
1410
1341
1196
1029
425
1361
1572
550
515
2247
988
1041
1297
1735
925
887
721
469
1025
966
1032
1363
483
977
470
2
2081
555
420
1071
1040
551
491
876
273
479
3832
389
1595
825
1120
76
7260
534
2383
1400
895
3903
2583
175
1608
1924
638
1777
1474
1089
422
2022
1153
1073
1329
951
2413
2829
2214
884
448
329
1915
306
252
3290
841
1202
4323
3699
928
484
399
1367
2379
10677
1389
762
971
1016
1365
117
613
920
277
646
1506
1079
2041
1332
1181
1145
1487
1552
760
725
2185
5266
728
2011
9
3816
1302
1116
291
706
1157
183
320
2188
1559
1345
82
1366
1100
1630
298
9708
1418
1424
4362
3457
2544
4752
3812
3632
1020
1513
625
6411
2171
2912
1130
2822
1641
755
5406
1947
1155
288
5729
1372
1983
6238
598
1912
1507
13581
10178
1395
6263
1161
575
88
7350
2364
1135
1149
3042
2234
1462
9068
2136
2369
1262
985
606
980
1452
2295
102
1099
3799
668
172
3385
1603
426
1826
4219
3086
1132
7367
1508
3899
2061
10133
11230
1213
7993
54
1056
617
779
750
486
1211
125
1021
783
1321
141
2150
5535
1667
1906
1396
1923
3002
1739
2124
37625
95
1067
1546
1511
3755
86
1480
709
308
275
1217
713
655
5521
6479
1716
763
1635
424
2417
808
784
3688
840
2726
1952
1463
890
752
6422
4754
3646
1391
1538
1095
127
1440
310
1254
1755
35
47540
7361
1098
2836
845
986
2461
16865
1137
1103
1123
7340
1404
2298
3429
1479
597
1138
2469
1450
970
4159
3006
309
952
4101
305
32
71
629
1253
5823
4315
864
5149
742
1833
276
906
1544
1676
2363
19974
46
2172
5117
2444
7765
4360
1954
17
1502
384
79
330
4863
267
158
10134
1233
3819
4309
27145
1416
849
2087
12043
822
2492
8137
315
343
987
47542
837
9400
1184
1322
4258
511
1558
6309
2030
2236
6367
87
939
1698
353
1050
10267
3950
1951
4384
4335
1988
2458
2372
6423
4187
10360
1167
155
489
854
1907
2672
754
4761
3633
583
1663
5783
2465
10295
9173
1255
3504
9837
2111
16628
1646
3138
6394
3450
7330
472
1421
661
832
19036
1125
3232
903
2179
1614
1005
10631
2606
2191
89
460
2487
3132
5509
1901
2619
1323
2982
2523
2320
821
2222
1172
2580
973
581
2287
1238
1460
229
4367
1154
268
7441
242
1176
2291
2783
1651
3472
5837
746
5950
5688
10775
2917
539
2470
932
2866
403
332
1987
2319
2330
9000
4524
9289
6405
1398
2165
1880
1870
55
2883
9624
1909
1904
1953
2038
8081
4698
4937
827
1179
1746
1752
1806
2528
3970
1493
4717
1350
1114
3438
3931
437
2065
1580
1300
5133
1150
2525
2807
2271
116
3518
1524
3186
3946
3379
45
1835
173
4067
3813
9397
50
682
2628
2174
2694
747
1279
3996
1758
14
11384
6923
9931
138
1268
1134
385
93
1652
3342
1306
380
3055
1605
996
4094
652
119
1004
68
41
124
1703
1218
3556
718
3620
2684
9395
9291
1383
2620
593
10059
533
1725
10077
2657
2123
1425
2169
192
11594
446
11072
6254
744
1148
5072
25007
1926
168
2390
1310
994
1910
1560
5546
5570
1505
1307
471
5008
1303
4058
1444
948
826
3309
4282
1823
4651
2846
1713
6340
2882
684
1151
5340
3492
2388
6235
5354
1128
2567
1417
649
5116
10862
1481
2839
3839
13916
1192
2326
1737
1900
1139
2310
92
5558
2717
4702
2531
2924
3937
768
9399
2028
894
3149
612
2534
3094
6745
2956
1547
1223
6119
3721
2121
12789
12104
10850
12173
8107
2479
3003
790
3070
9689
133
10606
5640
2809
2899
1349
2348
1258
1047
10917
1104
5735
9175
2493
1817
2857
2084
485
411
1848
815
1420
2614
949
6672
4699
2117
5212
809
230
1432
530
3275
1581
234
2868
5386
241
4059
1340
5007
926
7878
1950
2303
1491
1529
2212
6765
6323
6582
6298
1564
4321
6718
839
3065
2240
5859
1159
1722
1063
7966
1840
5638
7984
56
3019
1333
504
4685
5944
132
4121
2246
5080
927
6576
2424
4082
1288
2410
16576
8138
2579
891
364
2003
4339
10652
7291
1470
9838
27609
2457
9770
1678
5065
4271
1855
1561
2113
10341
2056
9508
3818
2175
21188
153
11133
52308
3698
909
1964
4104
2261
1690
7327
1814
1535
5367
4281
3074
1743
572
5444
2592
15
2346
1957
49316
2692
8755
16412
3407
1393
3254
5675
786
1526
5614
8091
5213
3439
1275
2710
4965
1813
1937
3885
8042
3453
3577
529
2677
4119
5889
5420
10135
10407
6899
10608
893
8962
7417
658
109
1197
1653
4594
2305
1119
35304
2148
5609
5
1638
