29
33
12
23
30
60
233
42
81
474
251
48
144
27
722
922
52
388
122
473
51
160
644
775
72
16
104
297
139
749
477
995
235
766
813
100
1003
877
301
304
778
99
80
466
969
886
239
770
850
314
83
930
142
67
863
44
458
340
828
49
663
912
25
476
438
1028
73
748
307
312
630
467
295
531
282
1030
1319
1015
823
942
137
902
792
245
978
1018
492
299
143
921
31
745
368
131
2045
1576
574
456
316
289
834
481
536
101
692
419
905
393
1036
993
1413
1023
972
782
1334
1280
279
355
439
1017
84
814
623
365
465
838
1863
1077
1235
1557
66
1245
888
1894
907
1066
2377
767
992
1124
3720
751
761
831
416
1042
789
1038
1033
3216
6
475
397
967
584
2228
824
708
1101
527
870
428
482
10268
626
391
785
4300
563
1162
683
498
764
1821
449
1545
705
1636
451
2351
1571
1065
28
2863
148
1410
1341
1196
1029
425
1361
1572
550
515
2247
988
1041
1297
1735
925
887
721
469
1025
966
1032
1363
483
977
470
2
2081
555
420
1071
1040
551
491
876
273
479
3832
389
1595
825
1120
76
7260
534
2383
1400
895
3903
2583
175
1608
1924
638
1777
1474
1089
422
2022
1153
1073
1329
951
2413
2829
2214
884
448
329
1915
306
252
3290
841
1202
4323
3699
928
484
399
1367
2379
10677
1389
762
971
1016
1365
117
613
920
277
646
1506
1079
2041
1332
1181
1145
1487
1552
760
725
2185
5266
728
2011
9
3816
1302
1116
291
706
1157
183
320
2188
1559
1345
82
1366
1100
1630
298
9708
1418
1424
4362
3457
2544
4752
3812
3632
1020
1513
625
6411
2171
2912
1130
2822
1641
755
5406
1947
1155
288
5729
1372
1983
6238
598
1912
1507
13581
10178
1395
6263
1161
575
88
7350
2364
1135
1149
3042
2234
1462
9068
2136
2369
1262
985
606
980
1452
2295
102
1099
3799
668
172
3385
1603
426
1826
4219
3086
1132
7367
1508
3899
2061
10133
11230
1213
7993
54
1056
617
779
750
486
1211
125
1021
783
1321
141
2150
5535
1667
1906
1396
1923
3002
1739
2124
37625
95
1067
1546
1511
3755
86
1480
709
308
275
1217
713
655
5521
6479
1716
763
1635
424
2417
808
784
3688
840
2726
1952
1463
890
752
6422
4754
3646
1391
1538
1095
127
1440
310
1254
1755
35
47540
7361
1098
2836
845
986
2461
16865
1137
1103
1123
7340
1404
2298
3429
1479
597
1138
2469
1450
970
4159
3006
309
952
4101
305
32
71
629
1253
5823
4315
864
5149
742
1833
276
906
1544
1676
2363
19974
46
2172
5117
2444
7765
4360
1954
17
1502
384
79
330
4863
267
158
10134
1233
3819
4309
27145
1416
849
2087
12043
822
2492
8137
315
343
987
47542
837
9400
1184
1322
4258
511
1558
6309
2030
2236
6367
87
939
1698
353
1050
10267
3950
1951
4384
4335
1988
2458
2372
6423
4187
10360
1167
155
489
854
1907
2672
754
4761
3633
583
1663
5783
2465
10295
9173
1255
3504
9837
2111
16628
1646
3138
6394
3450
7330
472
1421
661
832
19036
1125
3232
903
2179
1614
1005
10631
2606
2191
89
460
2487
3132
5509
1901
2619
1323
2982
2523
2320
821
2222
1172
2580
973
581
2287
1238
1460
229
4367
1154
268
7441
242
1176
2291
2783
1651
3472
5837
746
5950
5688
10775
2917
539
2470
932
2866
403
332
1987
2319
2330
9000
4524
9289
6405
1398
2165
1880
1870
55
2883
9624
1909
1904
1953
2038
8081
4698
4937
827
1179
1746
1752
1806
2528
3970
1493
4717
1350
1114
3438
3931
437
2065
1580
1300
5133
1150
2525
2807
2271
116
3518
1524
3186
3946
3379
45
1835
173
4067
3813
9397
50
682
2628
2174
2694
747
1279
3996
1758
14
11384
6923
9931
138
1268
1134
385
93
1652
3342
1306
380
3055
1605
996
4094
652
119
1004
68
41
124
1703
1218
3556
718
3620
2684
9395
9291
1383
2620
593
10059
533
1725
10077
2657
2123
1425
2169
192
11594
446
11072
6254
744
1148
5072
25007
1926
168
2390
1310
994
1910
1560
5546
5570
1505
1307
471
5008
1303
4058
1444
948
826
3309
4282
1823
4651
2846
1713
6340
2882
684
1151
5340
3492
2388
6235
5354
1128
2567
1417
649
5116
10862
1481
2839
3839
13916
1192
2326
1737
1900
1139
2310
92
5558
2717
4702
2531
2924
3937
768
9399
2028
894
3149
612
2534
3094
6745
2956
1547
1223
6119
3721
2121
12789
12104
10850
12173
8107
2479
3003
790
3070
9689
133
10606
5640
2809
2899
1349
2348
1258
1047
10917
1104
5735
9175
2493
1817
2857
2084
485
411
1848
815
1420
2614
949
6672
4699
2117
5212
809
230
1432
530
3275
1581
234
2868
5386
241
4059
1340
5007
926
7878
1950
2303
1491
1529
2212
6765
6323
6582
6298
1564
4321
6718
839
3065
2240
5859
1159
1722
1063
7966
1840
5638
7984
56
3019
1333
504
4685
5944
132
4121
2246
5080
927
6576
2424
4082
1288
2410
16576
8138
2579
891
364
2003
4339
10652
7291
1470
9838
27609
2457
9770
1678
5065
4271
1855
1561
2113
10341
2056
9508
3818
2175
21188
153
11133
52308
3698
909
1964
4104
2261
1690
7327
1814
1535
5367
4281
3074
1743
572
5444
2592
15
2346
1957
49316
2692
8755
16412
3407
1393
3254
5675
786
1526
5614
8091
5213
3439
1275
2710
4965
1813
1937
3885
8042
3453
3577
529
2677
4119
5889
5420
10135
10407
6899
10608
893
8962
7417
658
109
1197
1653
4594
2305
1119
35304
2148
5609
5
1638
10274
3088
723
1858
1859
1807
1293
85
10868
6381
2477
3848
264
1456
11023
2801
1822
1902
2797
1943
4956
2331
455
394
1291
2370
7235
4599
2095
1704
7052
3889
1
14780
6251
224
38733
1917
5717
1767
135
17812
1795
1753
1239
1861
1862
1927
955
1522
3630
10795
3032
811
1598
2904
6619
3401
151
4236
2958
3805
4380
1903
64
3904
1446
633
11025
507
200
4627
10378
679
118
2376
4414
1091
1935
12846
4342
400
1555
3447
11623
3
599
2204
182
1932
6352
688
11333
3669
1411
5852
38274
4417
654
10215
1299
1251
592
3417
10722
6429
3985
1499
737
3303
806
37734
258
10298
237
1489
6143
3511
1677
13728
1175
4841
4818
2646
3023
1993
2448
6167
12853
734
859
2004
4295
1701
2557
10315
6571
1435
878
1257
4646
5709
3562
5689
1237
3405
733
900
4296
9026
1284
1343
947
2600
107
11229
5713
10035
10377
4647
657
3262
11681
3387
374
3674
14817
5566
4265
2317
669
1792
6244
4385
4188
3679
923
1766
4244
1129
3230
12408
6144
4512
9070
5081
2101
1160
3256
889
2309
8066
3821
2777
12344
6296
984
2568
7399
9322
3696
3727
738
7764
1659
4049
149
1249
1092
1201
2714
4454
3854
2341
1666
4899
6701
3082
847
1208
114
433
2472
3425
3040
4551
7995
2952
345
3363
453
1898
2648
931
1328
1045
5331
7708
6664
3626
2108
1081
2142
2713
3208
5345
1027
639
14629
695
4423
1472
2224
3849
8388
6116
2894
8422
716
2664
3798
1105
1215
1152
4257
759
2193
4246
15675
9184
1454
1272
366
6967
1918
1500
958
8366
914
1994
1031
2727
5193
3785
524
2645
4103
5064
4973
3930
11209
3822
179
13206
386
918
2584
2268
5327
2252
901
6564
2524
1478
589
4820
4018
3809
5412
12695
2731
13142
2641
3061
5601
11865
5211
2796
1573
3692
4095
1484
3031
77
1708
538
3115
7483
2752
788
6410
4875
129
15079
979
11605
632
10088
4944
1726
4593
16939
9163
1885
10536
1714
1610
585
6858
4851
1371
2529
3936
1364
7530
5153
198
2927
5912
3285
1934
3826
711
6357
6640
11725
6913
794
4204
5329
6864
38351
1849
9252
4338
7657
5948
2735
4972
6048
4048
4828
4387
1308
1046
280
1158
3465
3397
3444
3501
3427
5962
12067
4418
3896
5156
4359
3491
6848
3165
1082
2546
10013
8109
12337
3174
2869
1569
3915
5123
1013
5361
1504
1068
1884
6364
2918
232
2015
11084
8026
27313
1206
1376
2362
1728
14259
1267
1775
1466
11365
4
28701
4153
3471
5594
1049
3299
3157
10051
4834
4527
4166
17072
3178
2141
4180
2667
4275
4829
2313
1182
1925
11690
2012
2232
10571
11945
541
6476
2109
2596
1285
2260
3330
2149
5485
3043
11089
1455
1958
1786
499
1283
1434
4090
2231
2308
11997
2564
962
480
2334
4364
4470
2896
2593
11375
681
5878
872
44039
3325
2112
4952
7272
2920
2090
2949
12978
1263
10892
3103
4672
1085
4415
16795
8351
712
2396
3942
4967
3414
10696
14736
10987
956
180
618
9406
672
3749
8838
2342
5102
3211
3244
369
2627
417
9939
2665
8946
1392
3431
4397
2088
12461
2688
257
2181
2155
1649
10
5725
392
1035
3334
3107
2009
16797
4249
6797
3934
1070
11737
803
11240
47472
9065
6787
429
3201
1388
38
1846
5170
136
11087
3249
6095
2067
16590
12034
2816
3009
1627
10562
3338
10314
7730
4797
694
1860
1443
2587
22043
4493
1485
7677
6261
2021
12444
7020
1757
4509
16660
1096
14129
3900
7490
4066
454
6803
10423
37640
4156
776
13518
2408
16915
3525
3071
547
2971
19653
1696
3276
1325
6321
2791
793
2747
4164
5024
3924
1805
8226
2096
2190
189
6153
621
1913
1360
47
415
11001
5973
11157
3622
6936
11408
11299
1304
356
6415
493
1527
2052
3695
333
10080
2429
1674
7621
3825
22271
1637
14206
6958
14873
968
1231
1853
1246
729
35211
910
3368
1269
13223
1054
1568
105
4742
7021
11166
10598
3710
5273
7994
1922
2343
5383
8246
1330
4381
2122
1259
1093
7480
1734
7836
1039
2970
2286
2733
5047
10481
2131
28151
1264
1632
9319
12793
2786
1415
2456
5248
4456
8648
2770
540
5205
1645
2471
11303
8635
1839
2637
3377
1375
14661
516
1034
4366
578
12316
5541
2764
2616
462
5803
7219
4416
4088
418
1014
4223
4169
2588
2835
2184
1242
14704
20559
532
7517
15937
4703
3260
6627
13709
9292
6675
8900
10698
14214
2803
5392
9358
1914
5807
3949
11391
6215
9613
3499
53
9853
431
608
2928
8566
3413
3758
2730
5035
3459
5082
4358
1451
3289
2539
5055
2903
3837
12106
7950
13
3143
1759
9938
2242
3527
16254
2036
10296
1566
3910
1541
5191
568
3853
3033
146
6725
11044
2118
9244
7073
6791
4457
9841
580
810
4732
2661
10911
4273
9542
1893
17608
18164
37629
2210
15530
656
1458
4896
2990
4991
13250
4150
6502
7976
3526
7200
1102
6527
6051
5373
11729
13972
7026
4637
9031
2100
11175
45949
37624
2391
4474
3707
7397
96
6409
4400
45379
12926
4751
1509
5411
8095
7346
7221
9152
4002
2788
7324
4943
8196
3750
3905
3582
1684
5330
801
12179
9925
2892
2128
4868
16967
6414
15114
49217
7398
2954
13670
601
49810
120
9664
26760
5234
1111
3192
1012
6661
14125
6327
13957
49365
4555
7566
820
1482
1194
6591
2484
3353
12233
3235
2522
4269
2044
4154
1548
28671
4108
2001
2182
3977
3866
5731
8429
2094
6861
28856
4748
6920
13249
796
16154
15756
4725
2536
1317
6562
1216
13651
1719
7096
7162
28393
27261
6109
9023
5317
1346
5267
10690
16451
8115
21279
2406
1043
26096
2566
10595
405
4843
6625
3209
6418
3212
2856
311
6090
5009
1883
13999
15808
4306
1131
2358
6764
3969
13410
4521
9129
2335
1212
4683
5204
5530
4468
3067
3733
1591
11428
10468
3135
14680
1292
9920
4490
1409
11720
7370
3064
860
5409
10252
9875
3184
18842
1057
2590
5945
2915
12513
1471
641
10437
4395
43424
3971
2283
4601
5706
2737
69
6497
13156
3104
6424
5763
2919
2329
15866
10031
10030
10374
3360
13601
9899
10936
4478
5626
500
6375
11007
2716
2361
19924
10755
17722
4093
1585
2757
44061
22308
18
20612
2384
10376
938
39843
2050
4621
11298
97
1117
11911
1010
11083
1750
1658
9626
8266
2160
6948
18342
10501
2280
4261
1960
293
1867
1447
7638
17383
26805
2066
4016
4365
12345
27352
7665
20594
1453
23007
3259
2423
4889
9489
11256
6912
11429
5583
171
121
7930
5263
11575
247
70
693
1191
11627
10547
6326
342
284
4117
12036
2929
5563
3311
8420
8097
6299
27348
3752
1320
15993
6881
28711
3693
4757
3947
4262
10050
33360
3568
1613
441
14298
6237
210
4954
5511
4484
10771
3907
965
6563
29102
1368
8102
3250
13013
6316
4372
2119
7672
10719
9339
2080
17829
6038
2550
4047
8863
9603
4624
34385
7564
47919
2048
27856
2023
2029
8364
2871
7230
14082
166
5398
964
4955
10655
16150
4587
10221
17839
7951
2765
28112
27064
7697
9879
23696
5890
11304
15321
852
4253
10873
2898
3056
6706
1271
17629
2942
244
11
7797
19132
10544
512
3611
8632
2336
1469
2239
11127
19478
3478
3827
2368
798
5856
402
7599
6886
12871
11288
7298
30577
3762
1707
1090
5733
21130
13465
15025
13980
5576
12863
3929
1183
11569
1156
2445
4231
23144
12828
5892
1475
4134
4953
3529
4287
7035
3574
765
4816
3782
22030
1147
2738
3372
11413
1628
5512
2243
3455
4041
7341
6561
15334
10225
3466
8208
1761
1679
48904
3221
1933
5180
2955
16074
3484
23810
12875
6730
3596
13777
4715
11140
1113
4394
10303
5585
110
11668
27914
7891
5801
3643
334
2758
3051
3944
39354
982
981
1199
1232
15621
2838
4254
16018
6247
3057
1768
12790
3203
3811
2387
12225
3687
2768
2409
11168
2957
2860
602
28795
10047
2314
5588
4581
14113
7111
7515
4914
1769
10458
11026
7823
2474
2876
6104
4392
167
3014
2086
313
3108
8212
1270
2517
11193
3893
4713
11143
2875
6840
19214
1657
21157
13312
1185
9527
10106
1088
9904
1543
3650
2274
10388
10190
5458
12708
6125
1809
11696
1744
3028
269
10425
3668
2258
7536
1783
11758
3382
21131
3095
461
7573
8607
4270
2581
3716
9515
3806
4979
9922
12210
9475
10699
444
9338
1961
11898
12078
4433
3600
6107
2615
4635
4070
4042
1689
3242
3691
13310
10136
20493
4113
9685
11191
4844
6568
660
1001
2156
24535
35253
5628
5893
2272
7022
15381
5712
3482
11452
1331
1301
14529
4791
45017
367
4481
5236
7432
8030
9944
4451
6889
10361
11617
2062
7812
1465
13345
12053
2827
8953
7248
35267
2473
10174
11136
10384
5776
7649
7
5166
13872
6724
6097
266
8775
1740
1583
1989
10982
6734
1647
1537
49528
1772
13232
4402
10942
3217
1945
590
8949
6275
4350
4650
5048
3584
21480
8375
3408
2605
11170
15715
6574
4897
7603
2913
6435
2425
20564
33132
12649
14775
10647
8353
3199
7695
10092
35212
835
3245
4508
15482
243
3399
2151
11727
7952
10176
8289
75
6851
12830
7948
347
4933
8293
2992
236
6060
4739
861
20435
1234
10359
7773
10410
432
11888
3927
11877
20592
8092
4538
3549
15224
4210
2804
371
720
169
3013
7157
963
19398
15817
8372
33553
4696
8705
10448
4708
2035
7099
6366
49253
303
11235
59
9966
4802
22880
5488
10599
2984
11881
12608
8486
2576
335
4352
7229
1006
7011
10624
12619
5921
5757
10435
1620
1204
1127
4220
2668
15924
2366
9758
12588
4045
2219
9285
5006
7757
49313
13340
1978
5963
1874
586
1358
2318
7104
9167
1412
4139
22413
6477
851
9440
3349
11361
9741
11587
13861
4595
8980
46034
647
897
11524
4746
14083
18165
3118
2332
2852
8084
4284
41306
6656
2972
49312
9449
4473
8856
11980
5190
523
2419
8718
7905
1810
3759
10528
614
12222
10645
34091
2216
3857
7782
10475
1972
6567
4268
4305
10954
1812
6416
3270
19959
49712
1094
8356
6841
228
5186
5456
27241
2055
33446
2211
1053
14359
12985
4870
9172
11293
3346
12537
6875
12746
1086
7686
15509
2199
13144
6993
7451
3932
7101
8416
12355
3424
14030
676
17771
7360
1850
281
3800
4705
2728
15377
14028
3374
15010
10034
12558
1700
373
11599
567
6171
10701
15407
2392
3134
2900
2723
4264
32664
11345
35266
3689
6379
7269
1597
34634
4133
3628
3711
4904
4618
1584
1024
4356
6871
5648
39412
843
3378
5591
3388
6925
375
376
13793
5551
8069
5219
10861
7949
13152
1995
10894
6227
15754
26300
9546
2833
4363
7271
8456
5569
2253
20055
8479
3498
12447
10852
27346
10688
2220
8738
1623
4310
18412
41476
6815
7089
517
6533
11067
5336
6402
2436
32617
5384
49537
26908
528
7317
7294
1406
8
10269
2853
7436
11543
6944
14061
1856
5959
10367
2265
1062
8482
10870
13042
2624
3000
26930
9614
1811
5741
2946
20345
10238
13030
7523
11620
5519
29012
33436
3851
2905
3182
4019
7039
2725
5887
5565
4561
1959
11841
445
4292
4884
7266
10194
10469
3957
3791
1266
7639
1186
3548
3943
7872
1611
2205
3666
4007
4657
2734
14313
5759
7924
12226
8352
8965
2278
3730
162
11477
911
5721
5473
4334
3925
10076
5619
12102
5762
12474
43233
3701
11113
18400
13355
33426
10197
9871
11540
2464
3793
2394
10899
3928
9896
2571
18295
20911
1083
10294
2125
25753
14346
19678
37634
9649
15604
28581
41390
37724
3096
11706
6746
5402
5526
1379
18411
5057
7772
15394
13292
2060
6471
10071
15879
7960
16995
5877
6029
2288
10586
15958
8222
8334
7987
9002
2671
17565
3767
24011
9533
19906
4403
5407
34098
3161
6814
5056
604
3231
3335
4111
9448
4256
11583
7319
8560
4682
6217
2785
552
12083
7241
381
3037
10682
2933
11896
697
4951
11255
26943
15136
3452
10662
10417
3247
3712
13682
1187
1587
3830
1694
2281
4173
10553
2703
10082
8743
9952
4054
302
1252
3765
5100
9705
6325
10095
5360
6632
4333
13933
3180
20412
4862
19287
2235
3462
10151
23812
14617
780
4050
10177
619
3147
11705
1419
3744
4040
2506
2130
361
7063
7845
226
35226
7978
17002
13477
14189
5672
6431
8194
7555
3142
6711
11259
3672
42662
2854
2082
13054
13671
2555
11478
1445
11068
6434
3719
4902
807
4619
145
5242
3331
7033
1061
177
2844
11581
4563
11774
2820
2428
2350
3030
7953
15123
3965
6821
5652
3110
12570
8913
1497
2325
7544
1854
12375
1314
1399
1888
8050
28276
45768
4964
21308
8613
8798
2591
15507
8827
1305
19535
2545
20692
5464
4971
10807
33438
6710
7100
12995
2805
8412
1514
3909
8149
10255
194
12124
1999
10200
12374
12049
2431
1802
8056
1051
3154
2756
11012
4686
7396
14616
5805
35261
4247
10173
610
15194
6378
48841
2611
3659
1414
10630
6999
8756
5052
4289
944
29201
2437
27350
4701
5719
11455
37650
6248
1336
757
2914
14705
5012
9902
4591
1408
11344
6690
4544
2304
30432
7103
1044
5183
2711
7155
8894
9946
2395
1316
12607
6802
3647
4787
5888
3263
769
3781
3862
13202
1278
1274
5096
8331
3593
953
10453
5708
1224
3282
19534
3656
10037
5843
4575
4314
1518
5230
1946
19318
2865
2636
2908
32216
1438
3238
2434
9818
11451
6454
1248
3940
4811
10393
5782
10249
3658
10321
12768
5756
14432
6184
6239
3300
2483
4343
5152
12012
23694
25525
10915
11227
6683
13219
10561
11101
9333
1313
3185
14863
35608
34925
5415
2658
13996
5323
11772
10551
3001
7168
873
8904
6578
8625
5374
12618
10326
15355
15016
13413
2931
819
9303
3093
4404
866
3557
6937
2743
6941
14887
9421
2639
1724
26234
8291
11047
2378
6240
3861
3128
5095
33404
1648
3999
10851
12610
27567
15864
29779
10683
4790
187
14727
30887
4974
5172
3680
11818
33469
15519
19557
11708
12781
5292
20885
47666
6942
13499
8000
4612
4428
29422
5714
18318
19659
2651
19497
23999
4172
7608
19703
38272
6313
12719
16038
2543
587
42009
7550
6500
4327
5686
5974
7728
49367
49369
390
916
12129
10201
36919
6605
6113
2267
11619
1394
17005
10538
6521
2577
2573
11661
5961
11609
4679
6246
14816
3310
13631
10672
5784
2945
17671
20153
4465
15193
13032
3197
5557
7610
14370
1374
7255
12835
190
14750
514
9913
943
404
2975
14013
1582
5902
45769
8217
10908
4442
6139
4608
13099
30296
14312
11448
7079
33514
8354
29091
4399
20200
8494
5181
6998
35446
5710
8804
7664
15152
6522
856
1467
5413
2442
6146
3267
1055
6624
2753
4301
3085
8825
4858
1476
6412
9640
7376
937
4438
724
12621
35621
2748
50291
3956
5898
16381
8830
8129
2834
3480
13346
28777
20076
7560
9843
11558
11126
8853
5306
2811
11642
871
8583
1381
5288
2736
5045
2140
10036
2306
26505
5596
4216
8252
8143
2851
2166
1347
3623
18682
9593
9049
5424
5851
28453
29343
10078
651
3883
11457
19173
2652
2891
13707
5440
11438
11602
4370
24332
14404
37851
908
11842
12228
1118
2277
35555
8495
3011
13956
34633
5495
19589
2554
4279
3922
3920
5003
9331
9991
4114
13553
13840
17450
1668
11360
41634
4141
4174
16517
5119
8221
22812
30342
4798
7837
8569
3605
26916
10147
16368
5723
1656
12485
15824
283
35103
6757
3979
12108
4675
1163
6249
10081
17932
27239
5785
4510
1488
3497
8930
1352
1832
1512
14635
15416
1682
2468
41305
8123
5766
12883
10291
2328
11779
35197
13193
11447
7134
10616
5751
5173
7383
8768
5451
3210
5296
38905
13577
10414
4985
8502
31034
12170
4871
11487
12772
1974
11669
9740
9188
11466
7931
4815
2993
27455
21769
4004
10956
2259
2110
11728
9082
16969
2547
3272
11701
3508
6287
3824
10782
10257
33425
6441
49361
5937
34044
1260
41307
7283
5130
2681
13201
6678
6739
47909
3597
954
1401
3442
29608
8363
2877
2223
5348
49469
2766
3062
4434
8685
8966
6376
11498
5399
862
1864
16278
26979
2633
4759
287
4628
4788
12400
1664
15807
3053
4449
4266
4033
5472
2594
2514
1309
3995
12857
6645
5377
12276
5754
2932
15833
12894
5031
4577
12597
1751
30758
8999
2666
2983
4909
4202
7700
3021
853
10101
1665
8397
3344
5143
9267
6955
12660
156
2254
20052
10520
14723
11236
2146
3533
4297
36229
2137
6964
5403
16473
6850
33375
3952
11536
26787
9545
28920
7332
2107
2187
7144
1468
19443
17454
6443
8398
2843
4143
14910
30322
10509
10581
3125
3917
49282
10799
49315
9436
2144
7623
10572
5039
27880
4028
5513
12734
7803
1939
2965
10067
49314
3588
2569
2560
3428
3988
14031
15922
7646
15813
4453
8373
7083
513
23715
31652
13315
12900
20593
1464
2653
8214
3771
13334
4037
2998
3512
2707
3913
10121
2420
4086
3172
10717
35269
8201
15728
5659
10438
1207
4313
13626
6427
5187
2552
4278
49339
5004
4585
7701
1430
2347
3437
37657
22111
22110
7561
22901
1879
5145
8724
16866
11863
15031
11313
5942
23923
11831
16850
1640
13567
15862
21476
16612
28726
2145
934
16877
13009
18469
2718
3675
10099
8991
5486
5589
16083
14116
3850
29231
32215
39503
17726
3483
3726
6756
23169
8213
15476
1165
21929
29349
11393
4177
5736
14707
33850
27238
8077
2097
35706
4942
7420
9086
2043
15128
14724
35302
6616
5597
18160
11805
19009
1594
960
31184
4077
16675
5291
11091
31416
22077
23615
16301
4556
13602
10364
5584
15163
19436
9370
5229
14362
49318
15615
2526
18453
4178
21881
4724
17626
12874
12879
5014
13776
11027
4517
6264
2026
10921
1357
12520
771
29372
3220
3113
7883
49317
15457
3357
22189
11732
23792
3550
4644
2213
3130
1577
22987
7288
27144
12687
35104
6805
2039
3348
7345
13580
1554
11461
3635
1980
3789
3251
7737
4656
28025
6182
10142
1771
624
5107
9169
1519
1515
727
7887
16755
6420
11354
10783
6041
1523
5636
26836
15133
6258
30912
2585
4903
9510
4924
36512
5711
3109
4116
17007
7061
2922
5254
4773
35281
7118
11219
7933
12259
1133
7907
29003
9982
5919
8195
989
4469
43
5927
5752
5739
27436
6894
19139
2629
36407
11780
7970
867
5210
2008
16641
16339
11738
37800
11547
16706
396
2556
199
2293
11223
3361
21725
7002
17033
12045
6096
18534
8546
11968
1069
11716
19814
1281
23737
5883
2441
1970
7443
16904
1712
10072
1338
15667
2207
1009
1827
17213
2513
7166
49794
11434
246
1143
8237
3961
4970
3148
2884
6408
10119
1378
21226
1866
6447
11549
6819
35210
37628
12753
19157
2861
17576
609
804
49504
27223
14761
13767
14258
9815
10271
18905
11124
13663
10507
1711
924
5304
8424
7275
15745
13289
2519
4592
2427
3329
11630
33439
12220
6236
817
3477
44771
2072
11913
10869
27519
9942
24355
197
15369
595
9428
5425
13684
10130
27140
13451
29426
7592
10079
735
1745
9521
13079
11458
4960
49359
3774
8023
26053
18089
12297
13205
5111
7602
37795
231
3911
47907
12168
9610
14224
21942
19884
11147
5524
1140
16963
588
20061
24366
22247
3190
49331
3114
12596
209
47353
7051
11675
2164
2367
8035
16910
5745
341
10750
9720
2269
11480
2720
6452
4357
2237
15235
829
17154
4448
5446
9834
2498
6218
2512
11261
5203
8586
8473
10004
3563
108
10668
9245
14487
16184
7620
11892
11893
15727
3686
6187
7694
11622
3503
4634
2712
4227
3423
23580
19669
3553
16700
16624
3717
16921
6404
2264
15059
11038
3101
2344
5076
6520
10472
21701
6078
33114
1457
3460
6467
756
20001
9711
10670
33568
950
16857
13257
5749
12612
8532
52113
35262
18774
12026
9965
6234
26991
2480
6201
8309
4857
3219
2450
6518
7572
3298
12120
9323
3240
2397
6488
6481
35531
27301
11302
6014
10898
10564
6193
4879
7514
40170
2602
261
6270
10934
10227
18641
6245
9396
16438
11319
14960
34837
27559
10316
1403
4518
1078
904
20
39
1617
35238
4290
13511
9566
11811
7711
4809
5514
7388
2089
7575
12320
10654
10518
21870
6252
23699
41335
20124
35475
16541
17997
6406
15750
8328
2266
9419
3233
1801
2105
38964
9684
13559
4197
16970
6278
18298
12773
6141
1798
2161
7225
6134
15668
4039
9420
5091
3514
6084
16069
15045
1385
1818
16173
3288
2678
10718
12769
33454
40
19140
1968
33394
5171
14292
91
13609
2886
1112
4215
10144
6668
40095
12843
3012
49722
2799
3980
20631
3555
14921
19585
12483
17432
2290
9820
6019
9414
5660
7705
9898
3237
5716
6654
730
736
15260
8480
11192
11568
10189
3024
11853
1240
2654
2890
7097
7684
2598
10292
44674
13639
38382
2787
9988
1815
7581
3561
8744
37643
382
8234
22718
15523
20880
10579
4436
23639
6512
2400
3308
3872
8251
13629
2489
1126
14598
4642
2294
7863
10161
10204
4311
6536
4553
5580
1312
15938
2227
11796
1022
14679
5144
899
31275
2751
13614
7733
14100
1642
7040
15574
9695
5994
3038
6766
19028
9643
19886
2307
5515
11919
8602
5312
5314
29269
23959
5294
14513
9016
4344
10251
26258
3291
30226
10700
3049
5743
2906
10566
5000
6308
1189
9993
19336
12609
11194
5388
4847
4866
4534
12487
4146
6075
3772
19591
9977
33382
10984
423
23813
24068
9217
20534
4723
150
2705
7739
13948
7323
11343
31688
35643
3034
6762
7136
14293
3766
14647
818
2881
11412
10145
627
15494
19134
20037
6846
6594
4482
13549
2715
372
9408
10115
5408
8145
16161
10787
11059
4766
8173
10169
4550
5858
3926
13101
7707
11409
544
14014
12032
49899
12428
4781
6337
5871
2446
4259
1876
8550
16017
17612
17159
27201
5308
13918
6131
11390
11580
9582
3700
4607
1222
5621
8872
34330
14485
4460
33862
8283
16889
7628
14433
1549
5598
6100
38759
21134
6890
5726
6032
8767
48137
10465
24265
17706
5981
9650
7866
33523
2988
3137
7461
3694
2501
1631
3100
5137
21950
265
14601
28990
35507
12031
33544
11247
3644
4064
33461
29923
33570
5814
25599
10217
49449
634
753
26027
14187
26879
10123
40341
13447
4083
6869
1075
1897
15259
3964
27489
12816
3764
33932
2880
3381
4023
31362
1837
10262
19555
13621
2481
11160
11824
10118
10949
15917
29165
18565
919
10990
11061
4332
6822
8009
7177
7915
4582
9609
13222
23369
7598
10073
1889
3573
732
11176
7965
8454
5960
9849
6241
21305
9667
44060
5198
17211
13019
17808
2153
6213
16232
27558
5011
11265
11196
14472
13363
10124
2251
17531
15077
3651
6268
9555
5923
15974
10885
204
10575
5268
4888
3474
3060
30585
21813
48179
4027
7793
3737
7407
8762
8605
8380
15682
8370
35399
15327
17386
6300
3239
21129
9992
14535
17644
2189
3025
8055
17125
28107
4472
18622
22198
1059
1872
18017
22063
14423
898
18712
11748
7116
10210
8112
8111
5734
4497
30757
5787
21355
11601
10084
4511
14692
3493
6392
4120
4711
787
24245
4052
11843
16826
10806
22692
12554
9138
933
2888
38203
13699
1019
13231
9028
6665
2969
8871
40093
18514
44454
327
29607
8992
10253
16082
6633
11546
1723
5720
3951
2460
6129
1261
11107
9918
5795
9895
9999
1804
3337
2604
9239
9232
1881
11245
16681
5884
15066
12955
31639
3547
16529
3778
7191
27013
15104
10344
1715
5560
5816
13016
10058
10053
10626
2422
12939
2116
700
2042
645
5926
12644
38329
11890
5841
8732
16573
7529
410
3302
4737
10387
4856
26776
13955
8998
10011
31441
6932
10597
3248
25238
15324
17918
941
1433
4503
14531
27730
15567
3884
3882
9525
10188
11456
4536
5606
1052
5146
12218
26056
5256
7092
9299
5737
5949
6436
25361
9715
4410
13612
17898
8332
23849
2944
9861
12598
12477
16313
4329
13385
2939
12442
8262
43259
16870
1426
1626
14240
7794
19083
11822
11806
15140
6280
9404
5215
7721
25310
3823
6177
1490
3746
23266
2907
3715
10651
8324
21825
14533
14286
8805
14868
15432
1289
1661
223
8451
5499
5932
667
665
16522
6782
10348
7763
3395
8100
10424
3313
3121
10057
14620
20081
17928
2091
2948
2947
3565
28826
3170
10689
21477
6262
13976
8360
28077
4245
11379
6344
2385
4669
18269
