29
33
12
23
30
60
233
42
81
474
251
48
144
27
722
922
52
388
122
473
51
160
644
775
72
16
104
297
139
749
477
995
235
766
813
100
1003
877
301
304
778
99
80
466
969
886
239
770
850
314
83
930
142
67
863
44
458
340
828
49
663
912
25
476
438
1028
73
748
307
312
630
467
295
531
282
1030
1319
1015
823
942
137
902
792
245
978
1018
492
299
143
921
31
745
368
131
2045
1576
574
456
316
289
834
481
536
101
692
419
905
393
1036
993
1413
1023
972
782
1334
1280
279
355
439
1017
84
814
623
365
465
838
1863
1077
1235
1557
66
1245
888
1894
907
1066
2377
767
992
1124
3720
751
761
831
416
1042
789
1038
1033
3216
6
475
397
967
584
2228
824
708
1101
527
870
428
482
10268
626
391
785
4300
563
1162
683
498
764
1821
449
1545
705
1636
451
2351
1571
1065
28
2863
148
1410
1341
1196
1029
425
1361
1572
550
515
2247
988
1041
1297
1735
925
887
721
469
1025
966
1032
1363
483
977
470
2
2081
555
420
1071
1040
551
491
876
273
479
3832
389
1595
825
1120
76
7260
534
2383
1400
895
3903
2583
175
1608
1924
638
1777
1474
1089
422
2022
1153
1073
1329
951
2413
2829
2214
884
448
329
1915
306
252
3290
841
1202
4323
3699
928
484
399
1367
2379
10677
1389
762
971
1016
1365
117
613
920
277
646
1506
1079
2041
1332
1181
1145
1487
1552
760
725
2185
5266
728
2011
9
3816
1302
1116
291
706
1157
183
320
2188
1559
1345
82
1366
1100
1630
298
9708
1418
1424
4362
3457
2544
4752
3812
3632
1020
1513
625
6411
2171
2912
1130
2822
1641
755
5406
1947
1155
288
5729
1372
1983
6238
598
1912
1507
13581
10178
1395
6263
1161
575
88
7350
2364
1135
1149
3042
2234
1462
9068
2136
2369
1262
985
606
980
1452
2295
102
1099
3799
668
172
3385
1603
426
1826
4219
3086
1132
7367
1508
3899
2061
10133
11230
1213
7993
54
1056
617
779
750
486
1211
125
1021
783
1321
141
2150
5535
1667
1906
1396
1923
3002
1739
2124
37625
95
1067
1546
1511
3755
86
1480
709
308
275
1217
713
655
5521
6479
1716
763
1635
424
2417
808
784
3688
840
2726
1952
1463
890
752
6422
4754
3646
1391
1538
1095
127
1440
310
1254
1755
35
47540
7361
1098
2836
845
986
2461
16865
1137
1103
1123
7340
1404
2298
3429
1479
597
1138
2469
1450
970
4159
3006
309
952
4101
305
32
71
629
1253
5823
4315
864
5149
742
1833
276
906
1544
1676
2363
19974
46
2172
5117
2444
7765
4360
1954
17
1502
384
79
330
4863
