29
33
12
23
30
60
233
42
81
474
251
48
144
27
722
922
52
388
122
473
51
160
644
775
72
16
104
297
139
749
477
995
235
766
813
100
1003
877
301
304
778
99
80
466
969
886
239
770
850
314
83
930
142
67
863
44
458
340
828
49
663
912
25
476
438
1028
73
748
307
312
630
467
295
531
282
1030
1319
1015
823
942
137
902
792
245
978
1018
492
299
143
921
31
745
368
131
2045
1576
574
456
316
289
834
481
536
101
692
419
905
393
1036
993
1413
1023
972
782
1334
1280
279
355
439
1017
84
814
623
365
465
838
1863
1077
1235
1557
66
1245
888
1894
907
1066
2377
767
992
1124
3720
751
761
831
416
1042
789
1038
1033
3216
6
475
397
967
584
2228
824
708
1101
527
870
428
482
10268
626
391
785
4300
563
1162
683
498
764
1821
449
1545
705
1636
451
2351
1571
1065
28
2863
148
1410
1341
1196
1029
425
1361
1572
550
515
2247
988
1041
1297
1735
925
887
721
469
1025
966
1032
1363
483
977
470
2
2081
555
420
1071
1040
551
491
876
273
479
3832
389
1595
825
1120
76
7260
534
2383
1400
895
3903
2583
175
1608
1924
638
1777
1474
1089
422
2022
1153
1073
1329
951
2413
2829
2214
884
448
329
1915
306
252
3290
841
1202
4323
3699
928
484
399
1367
2379
10677
1389
762
971
1016
1365
117
613
920
277
646
1506
1079
2041
1332
1181
1145
1487
1552
760
725
2185
5266
728
2011
9
3816
1302
1116
291
706
1157
183
320
2188
1559
1345
82
1366
1100
1630
298
9708
1418
1424
4362
3457
2544
4752
3812
3632
1020
1513
625
6411
2171
2912
1130
2822
1641
755
5406
1947
1155
288
5729
1372
1983
6238
598
1912
1507
13581
10178
1395
6263
1161
575
88
7350
2364
1135
1149
3042
2234
1462
9068
2136
2369
1262
985
606
980
1452
2295
102
1099
3799
668
172
3385
1603
426
1826
4219
3086
1132
7367
1508
3899
2061
10133
11230
1213
7993
54
1056
617
779
750
486
1211
125
1021
783
1321
141
2150
5535
1667
1906
1396
1923
3002
1739
2124
37625
95
1067
1546
1511
3755
86
1480
709
308
275
1217
713
655
5521
6479
1716
763
1635
424
2417
808
784
3688
840
2726
1952
1463
890
752
6422
4754
3646
1391
1538
1095
127
1440
310
1254
1755
35
47540
7361
1098
2836
845
986
2461
16865
1137
1103
1123
7340
1404
2298
3429
1479
597
1138
2469
1450
970
4159
3006
309
952
4101
305
32
71
629
1253
5823
4315
864
5149
742
1833
276
906
1544
1676
2363
19974
46
2172
5117
2444
7765
4360
1954
17
1502
384
79
330
4863
267
158
10134
1233
3819
4309
27145
1416
849
2087
12043
822
2492
8137
315
343
987
47542
837
9400
1184
1322
4258
511
1558
6309
2030
2236
6367
87
939
1698
353
1050
10267
3950
1951
4384
4335
1988
2458
2372
6423
4187
10360
1167
155
489
854
1907
2672
754
4761
3633
583
1663
5783
2465
10295
9173
1255
3504
9837
2111
16628
1646
3138
6394
3450
7330
472
1421
661
832
19036
1125
3232
903
2179
1614
1005
10631
2606
2191
89
460
2487
3132
5509
1901
2619
1323
2982
2523
2320
821
2222
1172
2580
973
581
2287
1238
1460
229
4367
1154
268
7441
242
1176
2291
2783
1651
3472
5837
746
5950
5688
10775
2917
539
2470
932
2866
403
332
1987
2319
2330
9000
4524
9289
6405
1398
2165
1880
1870
55
2883
9624
1909
1904
1953
2038
8081
4698
4937
827
1179
1746
1752
1806
2528
3970
1493
4717
1350
1114
3438
3931
437
2065
1580
1300
5133
1150
2525
2807
2271
116
3518
1524
3186
3946
3379
45
1835
173
4067
3813
9397
50
682
2628
2174
2694
747
1279
3996
1758
14
11384
6923
9931
138
1268
1134
385
93
1652
3342
1306
380
3055
1605
996
4094
652
119
1004
68
41
124
1703
1218
3556
718
3620
2684
9395
9291
1383
2620
593
10059
533
1725
10077
2657
2123
1425
2169
192
11594
446
11072
6254
744
1148
5072
25007
1926
168
2390
1310
994
1910
1560
5546
5570
1505
1307
471
5008
1303
4058
1444
948
826
3309
4282
1823
4651
2846
1713
6340
2882
684
1151
5340
3492
2388
6235
5354
1128
2567
1417
649
5116
10862
1481
2839
3839
13916
1192
2326
1737
1900
1139
2310
92
5558
2717
4702
2531
2924
3937
768
9399
2028
894
3149
612
2534
3094
6745
2956
1547
1223
6119
3721
2121
12789
12104
10850
12173
8107
2479
3003
790
3070
9689
133
10606
5640
2809
2899
1349
2348
1258
1047
10917
1104
5735
9175
2493
1817
2857
2084
485
411
1848
815
1420
2614
949
6672
4699
2117
5212
809
230
1432
530
3275
1581
234
2868
5386
241
4059
1340
5007
926
7878
1950
2303
1491
1529
2212
6765
6323
6582
6298
1564
4321
6718
839
3065
2240
5859
1159
1722
1063
7966
1840
5638
7984
56
3019
1333
504
4685
5944
132
4121
2246
5080
927
6576
2424
4082
1288
2410
16576
8138
2579
891
364
2003
4339
10652
7291
1470
9838
27609
2457
9770
1678
5065
4271
1855
1561
2113
10341
2056
9508
3818
2175
21188
153
11133
52308
3698
909
1964
4104
2261
1690
7327
1814
1535
5367
4281
3074
1743
572
5444
2592
15
2346
1957
49316
2692
8755
16412
3407
1393
3254
5675
786
1526
5614
8091
5213
3439
1275
2710
4965
1813
1937
3885
8042
3453
3577
529
2677
4119
5889
5420
10135
10407
6899
10608
893
8962
7417
658
109
1197
1653
4594
2305
1119
35304
2148
5609
5
1638
10274
3088
723
1858
1859
1807
1293
85
10868
6381
2477
3848
264
1456
11023
2801
1822
1902
2797
1943
4956
2331
455
394
1291
2370
7235
4599
2095
1704
7052
3889
1
14780
6251
224
38733
1917
5717
1767
135
17812
1795
1753
1239
1861
1862
1927
955
1522
3630
10795
3032
811
1598
2904
6619
3401
151
4236
2958
3805
4380
1903
64
3904
1446
633
11025
507
200
4627
10378
679
118
2376
4414
1091
1935
12846
4342
400
1555
3447
11623
3
599
2204
182
1932
6352
688
11333
3669
1411
5852
38274
4417
654
10215
1299
1251
592
3417
10722
6429
3985
1499
737
3303
806
37734
258
10298
237
1489
6143
3511
1677
13728
1175
4841
4818
2646
3023
1993
2448
6167
12853
734
859
2004
4295
1701
2557
10315
6571
1435
878
1257
4646
5709
3562
5689
1237
3405
733
900
4296
9026
1284
1343
947
2600
107
11229
5713
10035
10377
4647
657
3262
11681
3387
374
3674
14817
5566
4265
2317
669
1792
6244
4385
4188
3679
923
1766
4244
1129
3230
12408
6144
4512
9070
5081
2101
1160
3256
889
2309
8066
3821
2777
12344
6296
984
2568
7399
9322
3696
3727
738
7764
1659
4049
149
1249
1092
1201
2714
4454
3854
2341
1666
4899
6701
3082
847
1208
114
433
2472
3425
3040
4551
7995
2952
345
3363
453
1898
2648
931
1328
1045
5331
7708
6664
3626
2108
1081
2142
2713
3208
5345
1027
639
14629
695
4423
1472
2224
3849
8388
6116
2894
8422
716
2664
3798
1105
1215
1152
4257
759
2193
4246
15675
9184
1454
1272
366
6967
1918
1500
958
8366
914
1994
1031
2727
5193
3785
524
2645
4103
5064
4973
3930
11209
3822
179
13206
386
918
2584
2268
5327
2252
901
6564
2524
1478
589
4820
4018
3809
5412
12695
2731
13142
2641
3061
5601
11865
5211
2796
1573
3692
4095
1484
3031
77
1708
538
3115
7483
2752
788
6410
4875
129
15079
979
11605
632
10088
4944
1726
4593
16939
9163
1885
10536
1714
1610
585
6858
4851
1371
2529
3936
1364
7530
5153
198
2927
5912
3285
1934
3826
711
6357
6640
11725
6913
794
4204
5329
6864
38351
1849
9252
4338
7657
5948
2735
4972
6048
4048
4828
4387
1308
1046
280
1158
3465
3397
3444
3501
3427
5962
12067
4418
3896
5156
4359
3491
6848
3165
1082
2546
10013
8109
12337
3174
2869
1569
3915
5123
1013
5361
1504
1068
1884
6364
2918
232
2015
11084
8026
27313
1206
1376
2362
1728
14259
1267
1775
1466
11365
4
28701
4153
3471
5594
1049
3299
3157
10051
4834
4527
4166
17072
3178
2141
4180
2667
4275
4829
2313
1182
1925
11690
2012
2232
10571
11945
541
6476
2109
2596
1285
2260
3330
2149
5485
3043
11089
1455
1958
1786
499
1283
1434
4090
2231
2308
11997
2564
962
480
2334
4364
4470
2896
2593
11375
681
5878
872
44039
3325
2112
4952
7272
2920
2090
2949
12978
1263
10892
3103
4672
1085
4415
16795
8351
712
2396
3942
4967
3414
10696
14736
10987
956
180
618
9406
672
3749
8838
2342
5102
3211
3244
369
2627
417
9939
2665
8946
1392
3431
4397
2088
12461
2688
257
2181
2155
1649
10
5725
392
1035
3334
3107
2009
16797
4249
6797
3934
1070
11737
803
11240
47472
9065
6787
429
3201
1388
38
1846
5170
136
11087
3249
6095
2067
16590
12034
2816
3009
1627
10562
3338
10314
7730
4797
694
1860
1443
2587
22043
4493
1485
7677
6261
2021
12444
7020
1757
4509
16660
1096
14129
3900
7490
4066
454
6803
10423
37640
4156
776
13518
2408
16915
3525
3071
547
2971
19653
1696
3276
1325
6321
2791
793
2747
4164
5024
3924
1805
8226
2096
2190
189
6153
621
1913
1360
47
415
11001
5973
11157
3622
6936
11408
11299
1304
356
6415
493
1527
2052
3695
333
10080
2429
1674
7621
3825
22271
1637
14206
6958
14873
968
1231
1853
1246
729
35211
910
3368
1269
13223
1054
1568
105
4742
7021
11166
10598
3710
5273
7994
1922
2343
5383
8246
1330
4381
2122
1259
1093
7480
1734
7836
1039
2970
2286
2733
5047
10481
2131
28151
1264
1632
9319
12793
2786
1415
2456
5248
4456
8648
2770
540
5205
1645
2471
11303
8635
1839
2637
3377
1375
14661
516
1034
4366
578
12316
5541
2764
2616
462
5803
7219
4416
4088
418
1014
4223
4169
2588
2835
2184
1242
14704
20559
532
7517
15937
4703
3260
6627
13709
9292
6675
8900
10698
14214
2803
5392
9358
1914
5807
3949
11391
6215
9613
3499
53
9853
431
608
2928
8566
3413
3758
2730
5035
3459
5082
4358
1451
3289
2539
5055
2903
3837
12106
7950
13
3143
1759
9938
2242
3527
16254
2036
10296
1566
3910
1541
5191
568
3853
3033
146
6725
11044
2118
9244
7073
6791
4457
9841
580
810
4732
2661
10911
4273
9542
1893
17608
18164
37629
2210
15530
656
1458
4896
2990
4991
13250
4150
6502
7976
3526
7200
1102
6527
6051
5373
11729
13972
7026
4637
9031
2100
11175
45949
37624
2391
4474
3707
7397
96
6409
4400
45379
12926
4751
1509
5411
8095
7346
7221
9152
4002
2788
7324
4943
8196
3750
3905
3582
1684
5330
801
12179
9925
2892
2128
4868
16967
6414
15114
49217
7398
2954
13670
601
49810
120
9664
26760
5234
1111
3192
1012
6661
14125
6327
13957
49365
4555
7566
820
1482
1194
6591
2484
3353
12233
3235
2522
4269
2044
4154
1548
28671
4108
2001
2182
3977
3866
5731
8429
2094
6861
28856
4748
6920
13249
796
16154
15756
4725
2536
1317
6562
1216
13651
1719
7096
7162
28393
27261
6109
9023
5317
1346
5267
10690
16451
8115
21279
2406
1043
26096
2566
10595
405
4843
6625
3209
6418
3212
2856
311
6090
5009
1883
13999
15808
4306
1131
2358
6764
3969
13410
4521
9129
2335
1212
4683
5204
5530
4468
3067
3733
1591
11428
10468
3135
14680
1292
9920
4490
1409
11720
7370
3064
860
5409
10252
9875
3184
18842
1057
2590
5945
2915
12513
1471
641
10437
4395
43424
3971
2283
4601
5706
2737
69
6497
13156
3104
6424
5763
2919
2329
15866
10031
10030
10374
3360
13601
9899
10936
4478
5626
500
6375
11007
2716
2361
19924
10755
17722
4093
1585
2757
44061
22308
18
20612
2384
10376
938
39843
2050
4621
11298
97
1117
11911
1010
11083
1750
1658
9626
8266
2160
6948
18342
10501
2280
4261
1960
293
1867
1447
7638
17383
26805
2066
4016
4365
12345
27352
7665
20594
1453
23007
3259
2423
4889
9489
11256
6912
11429
5583
171
121
7930
5263
11575
247
70
693
1191
11627
10547
6326
342
284
4117
12036
2929
5563
3311
8420
8097
6299
27348
3752
1320
15993
6881
28711
3693
4757
3947
4262
10050
33360
3568
1613
441
14298
6237
210
4954
5511
4484
10771
3907
965
6563
29102
1368
8102
3250
13013
6316
4372
2119
7672
10719
9339
2080
17829
6038
2550
4047
8863
9603
4624
34385
7564
47919
2048
27856
2023
2029
8364
2871
7230
14082
166
5398
964
4955
10655
16150
4587
10221
17839
7951
2765
28112
27064
7697
9879
23696
5890
11304
15321
852
4253
10873
2898
3056
6706
1271
17629
2942
244
11
7797
19132
10544
512
3611
8632
2336
1469
2239
11127
19478
3478
3827
2368
798
5856
402
7599
6886
12871
11288
7298
30577
3762
1707
1090
5733
21130
13465
15025
13980
5576
12863
3929
1183
11569
1156
2445
4231
23144
12828
5892
1475
4134
4953
3529
4287
7035
3574
765
4816
3782
22030
1147
2738
3372
11413
1628
5512
2243
3455
4041
7341
6561
15334
10225
3466
8208
1761
1679
48904
3221
1933
5180
2955
16074
3484
23810
12875
6730
3596
13777
4715
11140
1113
4394
10303
5585
110
11668
27914
7891
5801
3643
334
2758
3051
3944
39354
982
981
1199
1232
15621
2838
4254
16018
6247
3057
1768
12790
3203
3811
2387
12225
3687
2768
2409
11168
2957
2860
602
28795
10047
2314
5588
4581
14113
7111
7515
4914
1769
10458
11026
7823
2474
2876
6104
4392
167
3014
2086
313
3108
8212
1270
2517
11193
3893
4713
11143
2875
6840
19214
1657
21157
13312
1185
9527
10106
1088
9904
1543
3650
2274
10388
10190
5458
12708
6125
1809
11696
1744
3028
269
10425
3668
2258
7536
1783
11758
3382
21131
3095
461
7573
8607
4270
2581
3716
9515
3806
4979
9922
12210
9475
10699
444
9338
1961
11898
12078
4433
3600
6107
2615
4635
4070
4042
1689
3242
3691
13310
10136
20493
4113
9685
11191
4844
6568
660
1001
2156
24535
35253
5628
5893
2272
7022
15381
5712
3482
11452
1331
1301
14529
4791
45017
367
4481
5236
7432
8030
9944
4451
6889
10361
11617
2062
7812
1465
13345
12053
2827
8953
7248
35267
2473
10174
11136
10384
5776
7649
7
5166
13872
6724
6097
266
8775
1740
1583
1989
10982
6734
1647
1537
49528
1772
13232
4402
10942
3217
1945
590
8949
6275
4350
4650
5048
3584
21480
8375
3408
2605
11170
15715
6574
4897
7603
2913
6435
2425
20564
33132
12649
14775
10647
8353
3199
7695
10092
35212
835
3245
4508
15482
243
3399
2151
11727
7952
10176
8289
75
6851
12830
7948
347
4933
8293
2992
236
6060
4739
861
20435
1234
10359
7773
10410
432
11888
3927
11877
20592
8092
4538
3549
15224
4210
2804
371
720
169
3013
7157
963
19398
15817
8372
33553
4696
8705
10448
4708
2035
7099
6366
49253
303
11235
59
9966
4802
22880
5488
10599
2984
11881
12608
8486
2576
335
4352
7229
1006
7011
10624
12619
5921
5757
10435
1620
1204
1127
4220
2668
15924
2366
9758
12588
4045
2219
9285
5006
7757
49313
13340
1978
5963
1874
586
1358
2318
7104
9167
1412
4139
22413
6477
851
9440
3349
11361
9741
11587
13861
4595
8980
46034
647
897
11524
4746
14083
18165
3118
2332
2852
8084
4284
41306
6656
2972
49312
9449
4473
8856
11980
5190
523
2419
8718
7905
1810
3759
10528
614
12222
10645
34091
2216
3857
7782
10475
1972
6567
4268
4305
10954
1812
6416
3270
19959
49712
1094
8356
6841
228
5186
5456
27241
2055
33446
2211
1053
14359
12985
4870
9172
11293
3346
12537
6875
12746
1086
7686
15509
2199
13144
6993
7451
3932
7101
8416
12355
3424
14030
676
17771
7360
1850
281
3800
4705
2728
15377
14028
3374
15010
10034
12558
1700
373
11599
567
6171
10701
15407
2392
3134
2900
2723
4264
32664
11345
35266
3689
6379
7269
1597
34634
4133
3628
3711
4904
4618
1584
1024
4356
6871
5648
39412
843
3378
5591
3388
6925
375
376
13793
5551
8069
5219
10861
7949
13152
1995
10894
6227
15754
26300
9546
2833
4363
7271
8456
5569
2253
20055
8479
3498
12447
10852
27346
10688
2220
8738
1623
4310
18412
41476
6815
7089
517
6533
11067
5336
6402
2436
32617
5384
49537
26908
528
7317
7294
1406
8
10269
2853
7436
11543
6944
14061
1856
5959
10367
2265
1062
8482
10870
13042
2624
3000
26930
9614
1811
5741
2946
20345
10238
13030
7523
11620
5519
29012
33436
3851
2905
3182
4019
7039
2725
5887
5565
4561
1959
11841
445
4292
4884
7266
10194
10469
3957
3791
1266
7639
1186
3548
3943
7872
1611
2205
3666
4007
4657
2734
14313
5759
7924
12226
8352
8965
2278
3730
162
11477
911
5721
5473
4334
3925
10076
5619
12102
5762
12474
43233
3701
11113
18400
13355
33426
10197
9871
11540
2464
3793
2394
10899
3928
9896
2571
18295
20911
1083
10294
2125
25753
14346
19678
37634
9649
15604
28581
41390
37724
3096
11706
6746
5402
5526
1379
18411
5057
7772
15394
13292
2060
6471
10071
15879
7960
16995
5877
6029
2288
10586
15958
8222
8334
7987
9002
2671
17565
3767
24011
9533
19906
4403
5407
34098
3161
6814
5056
604
3231
3335
4111
9448
4256
11583
7319
8560
4682
6217
2785
552
12083
7241
381
3037
10682
2933
11896
697
4951
11255
26943
15136
3452
10662
10417
3247
3712
13682
1187
1587
3830
1694
2281
4173
10553
2703
10082
8743
9952
4054
302
1252
3765
5100
9705
6325
10095
5360
6632
4333
13933
3180
20412
4862
19287
2235
3462
10151
23812
14617
780
4050
10177
619
3147
11705
1419
3744
4040
2506
2130
361
7063
7845
226
35226
7978
17002
13477
14189
5672
6431
8194
7555
3142
6711
11259
3672
42662
2854
2082
13054
13671
2555
11478
1445
11068
6434
3719
4902
807
4619
145
5242
3331
7033
1061
177
2844
11581
4563
11774
2820
2428
2350
3030
7953
15123
3965
6821
5652
3110
12570
8913
1497
2325
7544
1854
12375
1314
1399
1888
8050
28276
45768
4964
21308
8613
8798
2591
15507
8827
1305
19535
2545
20692
5464
4971
10807
33438
6710
7100
12995
2805
8412
1514
3909
8149
10255
194
12124
1999
10200
12374
12049
2431
1802
8056
1051
3154
2756
11012
4686
7396
14616
5805
35261
4247
10173
610
15194
6378
48841
2611
3659
1414
10630
6999
8756
5052
4289
944
29201
2437
27350
4701
5719
11455
37650
6248
1336
757
2914
14705
5012
9902
4591
1408
11344
6690
4544
2304
30432
7103
1044
5183
2711
7155
8894
9946
2395
1316
12607
6802
3647
4787
5888
3263
769
3781
3862
13202
1278
1274
5096
8331
3593
953
10453
5708
1224
3282
19534
3656
10037
5843
4575
4314
1518
5230
1946
19318
2865
2636
2908
32216
1438
3238
2434
9818
11451
6454
1248
3940
4811
10393
5782
10249
3658
10321
12768
5756
14432
6184
6239
3300
2483
4343
5152
12012
23694
25525
10915
11227
6683
13219
10561
11101
9333
1313
3185
14863
35608
34925
5415
2658
13996
5323
11772
10551
3001
7168
873
8904
6578
8625
5374
12618
10326
15355
15016
13413
2931
819
9303
3093
4404
866
3557
6937
2743
6941
14887
9421
2639
1724
26234
8291
11047
2378
6240
3861
3128
5095
33404
1648
3999
10851
12610
27567
15864
29779
10683
4790
187
14727
30887
4974
5172
3680
11818
33469
15519
19557
11708
12781
5292
20885
47666
6942
13499
8000
4612
4428
29422
5714
18318
19659
2651
19497
23999
4172
7608
19703
38272
6313
12719
16038
2543
587
42009
7550
6500
4327
5686
5974
7728
49367
49369
390
916
12129
10201
36919
6605
6113
2267
11619
1394
17005
10538
6521
2577
2573
11661
5961
11609
4679
6246
14816
3310
13631
10672
5784
2945
17671
20153
4465
15193
13032
3197
5557
7610
14370
1374
7255
12835
190
14750
514
9913
943
404
2975
14013
1582
5902
45769
8217
10908
4442
6139
4608
13099
30296
14312
11448
7079
33514
8354
29091
4399
20200
8494
5181
6998
35446
5710
8804
7664
15152
6522
856
1467
5413
2442
6146
3267
1055
6624
2753
4301
3085
8825
4858
1476
6412
9640
7376
937
4438
724
12621
35621
2748
50291
3956
5898
16381
8830
8129
2834
3480
13346
28777
20076
7560
9843
11558
11126
8853
5306
2811
11642
871
8583
1381
5288
2736
5045
2140
10036
2306
26505
5596
4216
8252
8143
2851
2166
1347
3623
18682
9593
9049
5424
5851
28453
29343
10078
651
3883
11457
19173
2652
2891
13707
5440
11438
11602
4370
24332
14404
37851
908
11842
12228
1118
2277
35555
8495
3011
13956
34633
5495
19589
2554
4279
3922
3920
5003
9331
9991
4114
13553
13840
17450
1668
11360
41634
4141
4174
16517
5119
8221
22812
30342
4798
7837
8569
3605
26916
10147
16368
5723
1656
12485
15824
283
35103
6757
3979
12108
4675
1163
6249
10081
17932
27239
5785
4510
1488
3497
8930
1352
1832
1512
14635
15416
1682
2468
41305
8123
5766
12883
10291
2328
11779
35197
13193
11447
7134
10616
5751
5173
7383
8768
5451
3210
5296
38905
13577
10414
4985
8502
31034
12170
4871
11487
12772
1974
11669
9740
9188
11466
7931
4815
2993
27455
21769
4004
10956
2259
2110
11728
9082
16969
2547
3272
11701
3508
6287
3824
10782
10257
33425
6441
49361
5937
34044
1260
41307
7283
5130
2681
13201
6678
6739
47909
3597
954
1401
3442
29608
8363
2877
2223
5348
49469
2766
3062
4434
8685
8966
6376
11498
5399
862
1864
16278
26979
2633
4759
287
4628
4788
12400
1664
15807
3053
4449
4266
4033
5472
2594
2514
1309
3995
12857
6645
5377
12276
5754
2932
15833
12894
5031
4577
12597
1751
30758
8999
2666
2983
4909
4202
7700
3021
853
10101
1665
8397
3344
5143
9267
6955
12660
156
2254
20052
10520
14723
11236
2146
3533
4297
36229
2137
6964
5403
16473
6850
33375
3952
11536
26787
9545
28920
7332
2107
2187
7144
1468
19443
17454
6443
8398
2843
4143
14910
30322
10509
10581
3125
3917
49282
10799
49315
9436
2144
7623
10572
5039
27880
4028
5513
12734
7803
1939
2965
10067
49314
3588
2569
2560
3428
3988
14031
15922
7646
15813
4453
8373
7083
513
23715
31652
13315
12900
20593
1464
2653
8214
3771
13334
4037
2998
3512
2707
3913
10121
2420
4086
3172
10717
35269
8201
15728
5659
10438
1207
4313
13626
6427
5187
2552
4278
49339
5004
4585
7701
1430
2347
3437
37657
22111
22110
7561
22901
1879
5145
8724
16866
11863
15031
11313
5942
23923
11831
16850
1640
13567
15862
21476
16612
28726
2145
934
16877
13009
18469
2718
3675
10099
8991
5486
5589
16083
14116
3850
29231
32215
39503
17726
3483
3726
6756
23169
8213
15476
1165
21929
29349
11393
4177
5736
14707
33850
27238
8077
2097
35706
4942
7420
9086
2043
15128
14724
35302
6616
5597
18160
11805
19009
1594
960
31184
4077
16675
5291
11091
31416
22077
23615
16301
4556
13602
10364
5584
15163
19436
9370
5229
14362
49318
15615
2526
18453
4178
21881
4724
17626
12874
12879
5014
13776
11027
4517
6264
2026
10921
1357
12520
771
29372
3220
3113
7883
49317
15457
3357
22189
11732
23792
3550
4644
2213
3130
1577
22987
7288
27144
12687
35104
6805
2039
3348
7345
13580
1554
11461
3635
1980
3789
3251
7737
4656
28025
6182
10142
1771
624
5107
9169
1519
1515
727
7887
16755
6420
11354
10783
6041
1523
5636
26836
15133
6258
30912
2585
4903
9510
4924
36512
5711
3109
4116
17007
7061
2922
5254
4773
35281
7118
11219
7933
12259
1133
7907
29003
9982
5919
8195
989
4469
43
5927
5752
5739
27436
6894
19139
2629
36407
11780
7970
867
5210
2008
16641
16339
11738
37800
11547
16706
396
2556
199
2293
11223
3361
21725
7002
17033
12045
6096
18534
8546
11968
1069
11716
19814
1281
23737
5883
2441
1970
7443
16904
1712
10072
1338
15667
2207
1009
1827
17213
2513
7166
49794
11434
246
1143
8237
3961
4970
3148
2884
6408
10119
1378
21226
1866
6447
11549
6819
35210
37628
12753
19157
2861
17576
609
804
49504
27223
14761
13767
14258
9815
10271
18905
11124
13663
10507
1711
924
5304
8424
7275
15745
13289
2519
4592
2427
3329
11630
33439
12220
6236
817
3477
44771
2072
11913
10869
27519
9942
24355
197
15369
595
9428
5425
13684
10130
27140
13451
29426
7592
10079
735
1745
9521
13079
11458
4960
49359
3774
8023
26053
18089
12297
13205
5111
7602
37795
231
3911
47907
12168
9610
14224
21942
19884
11147
5524
1140
16963
588
20061
24366
22247
3190
49331
3114
12596
209
47353
7051
11675
2164
2367
8035
16910
5745
341
10750
9720
2269
11480
2720
6452
4357
2237
15235
829
17154
4448
5446
9834
2498
6218
2512
11261
5203
8586
8473
10004
3563
108
10668
9245
14487
16184
7620
11892
11893
15727
3686
6187
7694
11622
3503
4634
2712
4227
3423
23580
19669
3553
16700
16624
3717
16921
6404
2264
15059
11038
3101
2344
5076
6520
10472
21701
6078
33114
1457
3460
6467
756
20001
9711
10670
33568
950
16857
13257
5749
12612
8532
52113
35262
18774
12026
9965
6234
26991
2480
6201
8309
4857
3219
2450
6518
7572
3298
12120
9323
3240
2397
6488
6481
35531
27301
11302
6014
10898
10564
6193
4879
7514
40170
2602
261
6270
10934
10227
18641
6245
9396
16438
11319
14960
34837
27559
10316
1403
4518
1078
904
20
39
1617
35238
4290
13511
9566
11811
7711
4809
5514
7388
2089
7575
12320
10654
10518
21870
6252
23699
41335
20124
35475
16541
17997
6406
15750
8328
2266
9419
3233
1801
2105
38964
9684
13559
4197
16970
6278
18298
12773
6141
1798
2161
7225
6134
15668
4039
9420
5091
3514
6084
16069
15045
1385
1818
16173
3288
2678
10718
12769
33454
40
19140
1968
33394
5171
14292
91
13609
2886
1112
4215
10144
6668
40095
12843
3012
49722
2799
3980
20631
3555
14921
19585
12483
17432
2290
9820
6019
9414
5660
7705
9898
3237
5716
6654
730
736
15260
8480
11192
11568
10189
3024
11853
1240
2654
2890
7097
7684
2598
10292
44674
13639
38382
2787
9988
1815
7581
3561
8744
37643
382
8234
22718
15523
20880
10579
4436
23639
6512
2400
3308
3872
8251
13629
2489
1126
14598
4642
2294
7863
10161
10204
4311
6536
4553
5580
1312
15938
2227
11796
1022
14679
5144
899
31275
2751
13614
7733
14100
1642
7040
15574
9695
5994
3038
6766
19028
9643
19886
2307
5515
11919
8602
5312
5314
29269
23959
5294
14513
9016
4344
10251
26258
3291
30226
10700
3049
5743
2906
10566
5000
6308
1189
9993
19336
12609
11194
5388
4847
4866
4534
12487
4146
6075
3772
19591
9977
33382
10984
423
23813
24068
9217
20534
4723
150
2705
7739
13948
7323
11343
31688
35643
3034
6762
7136
14293
3766
14647
818
2881
11412
10145
627
15494
19134
20037
6846
6594
4482
13549
2715
372
9408
10115
5408
8145
16161
10787
11059
4766
8173
10169
4550
5858
3926
13101
7707
11409
544
14014
12032
49899
12428
4781
6337
5871
2446
4259
1876
8550
16017
17612
17159
27201
5308
13918
6131
11390
11580
9582
3700
4607
1222
5621
8872
34330
14485
4460
33862
8283
16889
7628
14433
1549
5598
6100
38759
21134
6890
5726
6032
8767
48137
10465
24265
17706
5981
9650
7866
33523
2988
3137
7461
3694
2501
1631
3100
5137
21950
265
14601
28990
35507
12031
33544
11247
3644
4064
33461
29923
33570
5814
25599
10217
49449
634
753
26027
14187
26879
10123
40341
13447
4083
6869
1075
1897
15259
3964
27489
12816
3764
33932
2880
3381
4023
31362
1837
10262
19555
13621
2481
11160
11824
10118
10949
15917
29165
18565
919
10990
11061
4332
6822
8009
7177
7915
4582
9609
13222
23369
7598
10073
1889
3573
732
11176
7965
8454
5960
9849
6241
21305
9667
44060
5198
17211
13019
17808
2153
6213
16232
27558
5011
11265
11196
14472
13363
10124
2251
17531
15077
3651
6268
9555
5923
15974
10885
204
10575
5268
4888
3474
3060
30585
21813
48179
4027
7793
3737
7407
8762
8605
8380
15682
8370
35399
15327
17386
6300
3239
21129
9992
14535
17644
2189
3025
8055
17125
28107
4472
18622
22198
1059
1872
18017
22063
14423
898
18712
11748
7116
10210
8112
8111
5734
4497
30757
5787
21355
11601
10084
4511
14692
3493
6392
4120
4711
787
24245
4052
11843
16826
10806
22692
12554
9138
933
2888
38203
13699
1019
13231
9028
6665
2969
8871
40093
18514
44454
327
29607
8992
10253
16082
6633
11546
1723
5720
3951
2460
6129
1261
11107
9918
5795
9895
9999
1804
3337
2604
9239
9232
1881
11245
16681
5884
15066
12955
31639
3547
16529
3778
7191
27013
15104
10344
1715
5560
5816
13016
10058
10053
10626
2422
12939
2116
700
2042
645
5926
12644
38329
11890
5841
8732
16573
7529
410
3302
4737
10387
4856
26776
13955
8998
10011
31441
6932
10597
3248
25238
15324
17918
941
1433
4503
14531
27730
15567
3884
3882
9525
10188
11456
4536
5606
1052
5146
12218
26056
5256
7092
9299
5737
5949
6436
25361
9715
4410
13612
17898
8332
23849
2944
9861
12598
12477
16313
4329
13385
2939
12442
8262
43259
16870
1426
1626
14240
7794
19083
11822
11806
15140
6280
9404
5215
7721
25310
3823
6177
1490
3746
23266
2907
3715
10651
8324
21825
14533
14286
8805
14868
15432
1289
1661
223
8451
5499
5932
667
665
16522
6782
10348
7763
3395
8100
10424
3313
3121
10057
14620
20081
17928
2091
2948
2947
3565
28826
3170
10689
21477
6262
13976
8360
28077
4245
11379
6344
2385
4669
18269
49223
2761
19314
2613
7387
10776
5833
7729
17845
990
1173
35216
1448
40125
12123
5357
14062
15946
35534
9208
15085
6224
14580
12861
21984
10440
7334
13228
4369
15264
5610
6806
5077
9176
1586
8929
29025
6550
11951
33532
13992
11747
19495
1339
3638
4036
1277
30123
23891
3595
5209
14405
30348
17342
5897
6154
1963
19734
14219
1841
27315
14574
14439
10883
3682
2806
4026
2162
33159
12678
5979
2138
10198
8060
868
5217
8914
12118
929
2953
18205
31418
31417
21793
1170
5867
18568
12289
32318
11069
6017
22273
22278
2502
14831
2134
7170
1439
5453
7331
27673
2102
20512
6976
11561
10762
31705
10334
12486
15798
9069
4898
1087
3398
36042
21755
2209
1007
33339
15504
9213
10055
8113
12057
9463
25133
16343
1819
6163
1220
8476
15577
4125
4653
28411
3445
33902
7137
5542
2478
27488
10488
4322
17270
27802
1709
22615
22152
9676
1427
1429
3227
13468
20669
49332
3738
39409
8653
11167
4630
25760
1122
6747
35241
13376
44350
13431
17355
19584
14668
21070
11535
10040
19575
13290
25375
6093
5508
1390
7781
11337
33359
13884
2680
12859
23642
12404
14162
6336
10103
5874
2848
8457
31183
11556
7442
10500
21306
3059
5021
9665
11584
18039
19126
8793
5946
5097
13632
10397
6210
22814
2709
10452
49905
1542
2255
9790
6982
5127
5122
5260
4947
7246
9866
37642
3751
781
28148
35308
10172
8282
7557
4158
31471
46041
17271
3684
4294
812
3069
4435
6374
11625
3870
4109
2482
34687
6401
17113
5297
3293
12283
719
21829
10709
195
10912
12756
4317
3858
7630
17261
10284
17481
5337
7464
20728
7202
1108
1109
12684
1219
18585
41354
15875
2724
30357
8888
6525
33536
20144
3973
11829
16324
1871
9844
4678
6785
10503
16432
11636
9055
12364
31641
3089
19704
13283
3412
558
14525
6646
5121
16798
20482
7421
6768
8041
15683
2879
615
20969
12385
19579
2530
4880
4562
1198
15021
1834
33342
6595
6597
4106
7261
16733
12496
17938
17704
19911
28778
7848
16678
21527
14038
6445
9872
2662
3160
38340
1174
8031
13323
4272
33995
23801
23806
8238
8571
13527
39049
3072
4584
12171
7819
6651
24516
3881
12606
12804
6274
10109
5880
14504
20078
32858
11049
2655
6784
27583
23006
35282
5026
30205
10421
6461
11586
16379
7018
13208
2599
37798
7217
31215
35250
35256
5821
24409
11346
7822
13254
4379
6391
4718
10526
9552
184
29032
4243
6990
12648
10487
28256
27217
11992
11410
41975
8415
4928
7382
7889
15846
5066
27053
28069
13749
34259
22101
29167
4044
9655
3362
6949
18448
7365
4901
5086
17638
27444
12981
2063
44541
6470
4097
33358
2104
13071
10532
28910
14731
6145
10879
18004
15231
1241
18608
10731
6876
12472
23913
10628
11983
11645
7019
7017
14269
2495
18374
1136
13779
8582
8587
49776
9360
4373
5910
7425
22230
15258
2226
8202
19032
6232
5657
5650
6377
5728
20039
8419
12575
10548
1754
11800
7486
5214
323
14512
19292
21715
12098
10864
14480
991
37805
5154
49565
4768
14142
8174
5477
18027
2586
6607
49830
6197
147
28927
3333
26792
263
18225
7895
46635
7660
3278
11799
5220
3432
5416
9441
18299
10607
4351
6077
51747
3153
9264
31011
7449
13993
11740
10502
16206
30424
18176
38456
2911
3702
19808
8715
26876
4233
6292
49902
17472
16664
20649
5129
5126
7580
12085
10002
2352
103
41557
19026
4057
36278
17769
10235
32281
11078
16932
8846
2532
4881
16766
1110
1115
8684
1422
6499
370
17751
3305
29654
3736
14009
10542
1287
10192
18371
3671
19218
4073
5238
10944
2245
16677
44685
3352
1940
37671
22181
1171
43853
10512
22345
6474
34742
31463
10493
12370
1579
4615
13873
8321
5790
3188
13627
3808
11331
10277
24515
12605
16973
14735
3268
8641
12188
6783
8187
8857
10909
7114
7094
27289
14138
7316
11014
637
4566
2597
9587
3519
14457
20291
3005
5015
33569
2256
3991
11975
11974
6169
7827
13259
1225
8277
31898
11570
9241
10695
11840
13490
6152
22972
29919
13416
3840
22799
27317
22058
10640
5849
11759
3537
26506
6528
11595
38281
3119
5316
9709
4186
6749
24261
9627
1941
16787
11051
27338
21029
4649
16883
19583
915
317
29535
6882
1609
10999
8647
15943
11884
36362
6407
8320
8126
21777
21774
4013
46487
3105
16030
10186
5070
7755
20428
13968
7846
7344
9394
38007
23428
16281
14274
2203
10219
13015
11116
2518
2515
33770
33505
7908
4590
11430
1540
16460
34788
14690
15637
15775
1533
8740
6548
10716
10854
13141
11372
20457
3277
10032
2381
6617
5177
2533
935
18355
3066
18781
10975
3876
49252
8418
8255
14630
7881
11823
8510
4078
4076
564
35321
31806
37679
13439
5496
6811
37412
8942
14266
6531
28268
11060
26880
44620
6601
12372
802
6723
1311
5793
285
38749
22288
8400
32173
11173
253
9177
31980
15693
39098
4065
570
2440
21700
30199
16118
12312
7507
33805
20783
1243
12393
12473
11464
9579
1695
27288
19418
10154
11906
2416
8565
4689
14373
19939
8074
5202
2010
5289
14696
12690
14027
9698
6547
7679
8537
17447
1672
36
18501
5896
11234
7076
36004
8448
15013
11925
10801
4320
14823
5034
46022
16873
10832
11324
38448
11513
5971
10060
2690
5607
8517
3901
5069
35618
2006
16838
16674
8382
9013
11097
10860
673
21823
5985
29761
12838
15552
8036
14664
19133
3048
13906
6885
37772
7860
9327
19349
14455
29583
16223
12048
17407
2778
4589
946
26177
14111
37644
12482
11339
23641
4930
27482
26081
17128
34265
27780
21372
9343
9347
4963
16096
16329
17050
6788
22257
5028
5027
10585
4997
38762
21066
4684
10299
6838
14706
1563
3510
30952
12799
13168
4006
10958
20641
4128
28571
5625
35640
20875
48216
842
40274
11844
442
3967
5545
19142
16404
16505
6994
11927
1784
20967
134
13036
11283
3685
6180
6231
3476
9481
4431
38206
31848
49295
1629
2275
4573
14547
12674
1205
7612
35725
18373
8063
1590
28063
18651
2794
566
37685
35320
24021
16162
11057
5770
20772
3163
112
13055
12582
5247
12464
11475
14806
16421
3046
596
11222
10661
11935
13212
15294
31955
3921
10650
7916
1639
5429
47965
17313
7338
2603
27351
18058
50674
13847
12037
3022
8053
16688
7963
1589
14366
7752
19449
6331
13965
12777
4530
5498
2238
15963
12539
2373
38690
3152
1717
13662
2520
1697
3058
8345
3392
12965
7879
8206
10157
11635
15039
47875
24067
4307
7472
27374
7213
6211
5670
33567
25468
19562
19197
5786
14101
23845
6959
11683
2940
31002
1892
35579
19885
38357
5993
26488
3757
35264
11446
26755
5543
24950
4835
6699
6346
13415
3843
15229
2315
12229
7236
39828
1327
41732
3194
43254
11912
33158
6660
5975
14001
2486
4731
16752
165
14467
45959
5295
19614
4345
11099
11730
5493
17147
5727
4046
1683
16424
33769
2987
11063
8080
7009
743
8787
4337
7203
17996
18967
14190
13313
3075
6728
4427
7703
1437
41960
17878
9607
14689
14538
7813
9526
259
5389
17370
336
5553
1362
29347
2842
15331
13896
18478
24548
7768
49343
30045
1084
18617
8954
4382
5449
4179
11649
4560
12666
4721
20734
31217
15587
27040
5201
3415
13946
5539
18147
6573
20565
1531
2195
35268
36103
13644
40271
7747
10929
6997
5842
13512
22975
9130
35379
21740
4806
5738
11591
17513
1011
18461
17016
14637
18370
24112
11253
12782
3678
27874
15428
2005
326
32534
31803
13243
1236
26199
18419
14235
34126
16086
12836
10411
4822
33443
10205
3795
14068
10818
5742
3136
4697
25487
12556
1570
8501
13526
10363
9513
6722
4422
7175
11273
27070
18532
26926
1633
8639
14532
23647
8401
49260
37868
10735
3571
11566
6804
4192
27026
29186
27783
23821
12634
51568
13819
10737
21599
19590
4035
20673
11902
38998
20000
13010
2323
25288
37794
15580
22630
2706
8134
6311
3815
2098
7588
7428
19247
844
8362
2874
6692
21201
12645
1782
4745
8734
17332
8359
23512
41737
7716
11579
17208
4488
6400
10199
33779
8919
1370
8464
8654
2365
10703
31761
6255
836
11479
1441
319
16428
3045
13489
15674
6351
10164
44139
1601
27138
11930
11883
13025
8574
16926
20090
7206
9511
140
13931
15402
7704
10445
9893
1180
46268
409
20650
38296
48248
4368
6389
5460
17642
8139
15430
33548
16979
3649
23643
10471
10473
29182
4849
6455
33460
9442
4861
6558
11959
7840
1979
6428
24350
7349
16025
24341
7653
1169
11125
15801
11211
4038
14277
10980
3258
18179
12665
4302
2910
4910
6006
17399
32014
46560
1764
11115
2516
22409
15173
6905
2784
9987
19840
6057
41461
6760
185
37
5895
19648
7371
5753
12380
32205
7188
8849
50862
50863
6938
14821
8683
8119
7526
11327
45515
5972
2967
1516
1286
22758
11820
6741
25749
4854
1655
22105
3358
12110
2085
10258
11054
674
3169
17356
830
7770
14809
41273
7086
9325
48051
32871
4981
4986
46983
6489
12058
20199
16225
9514
9499
21326
13935
13107
1318
3610
15165
4209
4872
1397
25144
18337
2221
11179
255
49890
8884
2578
6484
3434
16445
5347
18485
18489
29613
20548
25011
38084
15471
20134
10629
3052
4445
11984
3391
1984
6365
34407
2494
11777
22036
14186
3918
13615
42428
5915
49775
7989
1386
8472
6395
16793
14796
6056
10001
1891
11141
5529
5040
8874
3653
12949
13263
27777
6996
14217
13412
35389
3844
2642
24808
18265
18702
10882
10576
14984
11597
9301
31449
15068
5684
12352
2960
22395
8890
27879
10305
10300
14590
20639
17660
3162
27511
5634
12208
9949
49055
2551
11472
28259
14753
1348
33809
17779
19638
13029
5423
10569
17636
6229
14198
12040
21648
23210
4207
3187
7814
49991
2979
14017
31089
10074
9683
18598
7890
15878
35277
28468
21857
6271
19176
7843
8295
8294
19328
15793
10029
13585
22062
9393
41320
17427
40624
38275
17368
17329
8690
8103
34975
23153
2206
2418
11310
8794
9586
44854
6830
30310
4491
7471
8714
7167
8078
3599
5431
9791
559
41913
5128
19846
9148
3898
9562
3756
6769
11871
40275
27405
1356
9642
3376
40410
28387
14058
53129
21916
7234
21995
1428
22580
2133
11707
6493
28166
18361
18513
34014
5218
961
9494
10090
8384
3351
2669
11672
17543
5369
3552
13576
16881
16913
3458
1686
2297
11225
9119
4276
6128
12974
6947
2867
10021
23805
6543
13215
24073
20975
9205
38290
17633
10653
20304
31092
6115
401
9372
23646
14638
8774
16971
44018
7759
5559
9637
35689
27091
25781
15184
12809
9746
10342
16209
15372
3054
36040
46038
12156
26486
4034
24837
26732
11315
33330
23546
17028
4729
5674
10746
3007
11267
11287
7731
12160
2821
31576
11606
39695
21118
4516
6644
6390
12336
27681
14931
49377
2679
19388
8880
21
14153
15351
17442
20150
11848
21362
6155
16807
4982
11077
22554
6618
11528
35235
3538
10372
24296
22611
7108
13173
47883
2078
7690
16561
20031
7611
2968
11088
12579
40097
6426
4401
5390
28904
11940
8389
3350
7835
2951
21228
11735
1520
29169
5639
17252
6773
45348
37882
14808
10596
10166
30568
11936
4559
15539
13396
35228
17035
26384
49807
29282
4617
18344
22605
3923
15053
9890
18470
6307
23294
35449
31250
13453
12907
40862
2607
7410
51806
12800
11195
6752
11246
7964
15153
13750
3433
10933
22112
18878
579
4867
31326
8390
18624
38168
27709
4354
8290
13427
6070
11041
49889
23232
7224
48002
2282
5029
5562
26328
4267
16282
14279
7534
2200
18698
17809
12541
25364
9108
7160
26877
14348
16855
8906
2017
3200
554
49513
7326
7329
2426
4374
5262
14326
14791
1890
3894
7671
20870
9953
1738
9553
28141
9453
49825
13495
7856
24123
2225
5925
20960
11523
3768
16394
14828
11205
4804
3224
10830
3304
3301
622
15490
20953
11511
3509
8498
13087
12849
5457
3422
8155
2120
9471
562
8387
22478
32532
3359
6173
2859
5487
10786
10788
2950
15780
31600
20637
10016
11739
9877
28318
18918
12015
9259
15554
49560
10350
17960
17435
21315
3953
7122
7862
10418
2059
9288
16306
19848
25039
5955
13390
11889
16156
2311
8833
22491
4758
39811
2776
16411
9492
3077
28922
19608
45715
3725
38965
2349
35564
12603
4707
1742
36303
10187
11792
8312
12406
2574
2572
6551
28270
31567
18986
15964
8640
27093
27329
15230
16901
32063
37659
30744
5564
33470
17588
17586
52074
5199
13475
48453
21260
4565
8425
13012
3081
16048
20539
35549
9718
3912
6733
957
21765
13366
26767
24401
18851
25138
16794
10240
34470
23299
31893
19883
10710
22646
9765
35265
26846
846
27260
37912
8365
8368
35300
6158
9434
7077
1966
4839
44692
17047
22556
20233
11132
17984
4883
9737
49711
36058
47882
24213
1423
36873
1193
7527
2270
12735
12737
10835
1830
11325
11497
29413
22507
33348
33344
16244
1501
3015
5393
7156
7152
12786
19987
4916
18863
10091
1948
19312
31252
13438
11055
16087
18305
16530
9096
49362
5158
7642
10702
5868
31767
38033
19466
5574
33483
10412
8944
32298
16898
1265
24079
4330
10289
5332
20528
12042
12047
9490
7284
5505
11407
8978
14110
20414
7997
15932
3332
14492
9034
33622
10738
28817
12604
10768
8923
16193
29021
33193
12314
10220
8642
41443
9842
20247
33675
35204
7440
2521
9398
2897
35658
9102
11989
8623
9296
3787
15037
9275
14550
7601
9174
12368
18249
28197
1765
29297
25563
11832
8070
6911
3662
15170
11199
959
33362
350
17535
11970
3323
7045
14522
1956
6647
15986
17071
1539
7240
14938
8533
5041
8045
8048
9178
17956
15357
24455
20343
3375
18388
33693
7830
29895
11079
2386
15192
14299
13039
10889
7233
8193
24748
11817
11993
13174
296
1621
11108
11916
30384
30380
3116
8259
2139
6596
3091
19550
8814
17652
6205
18947
15593
10191
12844
5455
12784
11426
17464
16477
8383
4340
12093
12329
14037
17663
115
5982
16911
12201
34326
33891
10354
5571
12752
13154
3369
35314
6120
5471
5350
47490
6546
9195
30816
10494
4692
37132
13022
4908
6196
6222
5669
9724
10441
1634
27148
7990
20654
2430
4502
12906
7037
11481
6472
27913
10275
31783
6977
26627
27848
5228
32377
15696
48043
20427
6559
49416
18556
49492
3545
38692
5259
40215
7198
7447
18081
4776
2893
21490
11982
12963
6462
10216
3783
14076
38760
521
8116
16376
3864
22571
33336
7600
7821
17802
3516
46563
15852
21657
26528
3919
6086
6087
33565
5822
14344
8136
7734
19196
10129
28014
29002
24404
23847
13446
9989
28397
17183
12086
10245
4940
1072
648
16260
49379
387
1074
2198
36109
33559
16691
46091
42641
22456
25106
10409
26969
2872
6343
12300
10236
3271
49522
48181
8018
33552
14646
4749
15348
1705
47924
19692
11998
7959
24215
9881
17287
14088
43253
6519
10837
8413
24010
30157
37874
3090
3097
6030
8490
5603
5189
12842
17099
13745
10462
10945
27983
33239
17194
8995
23668
13689
41793
16334
28244
18307
27088
9093
8542
13677
7946
797
17141
1449
19131
3959
46904
22443
11389
1991
33442
1607
7541
10206
24378
11939
8660
8669
7005
5746
22565
31559
9044
11882
5427
6829
35225
2312
9417
1770
11105
2509
9518
24104
3076
32553
22417
35344
36757
22593
9994
11030
48247
9608
7780
11483
16592
23644
6382
41605
15568
16142
11691
31175
4110
10846
19725
30629
14471
11567
10185
7143
7496
11243
49319
22369
14737
30092
5879
11953
22461
22460
6142
44683
18428
8243
13891
4962
4961
42220
21236
7500
23783
16383
6623
31934
13810
11554
9269
2923
9183
8850
46598
13505
14998
1718
15469
10422
28573
24386
2995
1824
3863
7893
4494
5322
25280
31556
6088
19560
9900
3660
3591
4238
33366
3205
14717
15906
4081
10248
4124
15987
27347
2670
5624
11577
2192
45355
21360
26751
7851
4827
7554
2229
35487
18190
26898
26899
5755
13590
9859
2644
30109
27980
21584
8005
98
3683
12448
26998
30586
5593
11996
16295
16871
290
14085
30501
6513
21133
45386
3873
30717
11326
11328
19861
37870
3117
33349
28665
8656
7385
5319
28209
15847
41532
5834
12252
8307
4224
10308
14595
12432
26705
6329
10111
10948
2248
2793
24431
11946
29564
38989
12119
20906
11671
2167
7437
19509
7253
9870
11151
11150
9090
49364
3164
4648
12209
10513
4763
2292
33448
2159
7364
22764
31858
10498
10491
9045
6603
35513
35227
17385
17030
17031
6226
25887
17403
3079
49270
30920
22165
6092
8124
7702
12172
2831
2830
2656
3409
5428
11269
16659
2433
3807
14687
23645
37869
21542
21547
48920
31669
10849
3888
15262
24709
18932
30628
13841
6809
13659
6279
855
5223
8927
10102
9444
37240
3974
28645
38248
6966
13272
29660
14049
27323
12184
45823
4778
4779
30587
3461
38004
12885
5830
17321
35365
36041
28948
16868
8801
25598
21384
10213
11907
42775
9839
10293
6839
7473
1298
29261
25565
25564
15583
6432
3004
10674
35257
13111
15177
35356
7297
11437
25650
29677
17738
32782
20390
2421
6168
38997
24195
8273
6863
19537
1534
27349
4716
4712
7245
9761
25537
13353
21369
4461
7130
23192
20062
53409
24389
17767
18197
11073
1845
21046
9855
14437
11522
17273
10641
35232
35231
7187
7456
17605
9385
9738
3196
2279
11593
24399
5517
11002
31838
4571
19797
12671
15069
6667
15512
10545
29306
16754
14855
5185
28088
11501
5067
5062
27055
9405
17469
21341
11944
6176
33471
48026
12114
28533
32156
31254
4138
11058
11731
14594
5775
14924
22851
3166
29162
21934
38977
13678
5861
5863
36770
45986
44302
1685
13902
6122
9802
11388
7864
9283
2989
35478
42790
8088
49477
9191
41426
741
22040
5161
38315
3713
6012
10890
9416
8707
49733
28348
33637
23764
3619
25643
15646
38886
16492
33815
14096
33450
31580
16359
13229
8407
3102
11876
8803
22201
739
7274
38445
38891
14476
3020
9171
20591
3648
4789
5222
22096
44191
9443
5550
9635
38426
4535
8151
2178
4148
19652
11048
5768
2659
20996
3151
4673
28750
21926
7444
19758
17613
8723
4895
3467
30009
30741
5307
19045
9107
1335
4260
12159
11632
30987
50189
50188
522
17505
17500
1820
49448
14558
14555
8799
45818
24305
25490
50101
4720
26607
19938
27799
41506
6910
7904
10588
32542
4230
2823
8585
2782
30526
20394
28396
22724
13251
20054
3279
10371
2941
15776
33371
33792
14613
16503
9243
24298
2194
23319
13643
16960
5192
35403
37632
16616
7859
27776
4837
15605
7553
17563
27312
15191
17682
10489
27530
4664
20887
25733
14644
15112
19760
1706
11130
28677
19487
5941
20102
39168
9739
13696
43255
38280
38282
13464
5103
11512
10260
4925
3099
6033
6037
7404
44577
20743
7265
1282
14460
19905
30948
7482
12490
28907
20173
8159
1377
9628
14039
12196
13574
2299
6934
10591
8371
35312
12975
11380
42036
16138
21398
2152
16008
28848
26887
31851
7632
3718
6826
34177
16151
11761
19778
4426
30024
44948
13932
13108
24812
27894
15400
8125
13769
940
26687
37765
6483
33812
19601
4501
29425
5136
10276
14019
6020
1064
7411
19524
1748
2685
18649
12033
5075
23735
23733
47734
974
27256
6332
16443
3976
13961
12774
32529
37848
35332
7066
13274
6421
4966
10022
7503
25250
24328
51569
31249
5147
10505
14676
31483
33571
38005
31527
5646
30740
22149
22141
17320
26322
6132
11395
13700
4813
4812
14135
4031
40510
19412
7683
11589
19621
28255
10827
47876
11312
29409
8427
16510
9052
19801
7604
3708
4912
6000
37793
16231
154
38381
12052
32095
30238
19221
9796
39927
14716
10627
13197
7041
1226
7583
47456
10008
36214
15980
7427
1895
1530
13562
14709
3173
3754
8046
23725
8886
34079
4799
10323
19279
11443
31442
6151
8445
4830
14216
11654
30108
27531
23091
29142
5175
15521
15526
15528
10725
15959
47952
30434
6188
20374
8350
16299
29494
15655
19360
414
27155
6515
6898
3877
5555
4316
5363
4487
19551
34397
8499
4632
21629
22627
9707
17098
13124
49839
6324
321
10947
2244
27429
18284
16673
3356
12113
28535
35696
20903
4341
15544
10010
5364
7430
49489
675
714
9878
27512
15899
19392
31677
19971
24149
8038
31765
31766
45985
15810
22958
3041
12288
11387
16811
9321
28695
2217
9284
519
518
6537
36366
32623
11306
16899
8438
9048
15323
4690
12054
17269
34172
16077
5854
17039
8836
6194
5279
2507
8167
12044
1727
24122
15641
38888
7519
33551
29159
21246
35258
29424
9819
3489
9032
4092
5469
3724
11718
9686
27359
33789
4700
1749
6975
22016
18933
7663
360
19035
21468
17127
16199
18297
18480
16609
9632
18983
17790
38716
30545
30272
29888
23167
38931
22781
31401
16521
1796
1244
20244
3779
33530
29808
29803
16204
32060
26055
15040
53428
6709
22146
38410
1986
27284
5194
10214
25419
3784
4993
15038
19344
10822
21263
23132
30491
9585
24375
6673
32191
46043
2154
7476
19098
33853
13286
2708
20827
3665
3594
33767
33724
4596
44032
41716
19195
1643
16466
35437
7988
11977
7325
10087
16347
7046
5700
1486
4087
6952
12518
23461
24692
3569
37686
8745
3171
6549
14408
19964
2040
31714
10324
31504
23147
41266
18806
16804
21731
18432
21509
30570
4155
6063
11070
17041
3841
74
17681
2640
24041
39432
17823
7458
5845
17606
27062
14983
2889
26665
15308
12071
12892
22619
16403
29060
7106
30055
9679
26160
31457
27432
6498
4396
19871
27153
16644
20662
7306
36261
2401
25988
3878
22294
22749
22502
6663
13003
2338
30463
30795
7264
5554
40094
5604
13089
49539
35244
5396
13125
13120
28479
8302
3589
26111
8593
3989
3215
15070
32533
3820
8144
11357
49716
15996
14586
15241
999
2663
46792
29762
398
35213
49154
14307
39074
11878
22956
35297
35293
35298
13907
13908
13153
4277
1997
36548
18446
7548
434
30818
35398
20013
8784
20971
23311
42784
17484
6828
33652
18276
17810
17387
27816
14449
4926
39994
34030
4588
18679
8122
5799
945
15399
3189
8548
40376
10968
9418
7785
14539
7596
12343
262
42252
1882
34691
27484
19728
8771
9523
19919
8525
6750
7495
7969
12262
34066
48434
4785
15699
3975
18487
19177
30617
5939
27487
11663
2177
20620
2374
23160
9461
22060
14281
14284
19943
21593
18142
33968
16437
37273
29055
5022
16631
12743
10584
29526
16867
21750
2049
18177
39145
48188
1829
3319
1276
9210
46042
5326
11776
10555
18956
29727
24103
22176
8075
5781
2016
351
7328
3814
14520
7826
1228
9007
9008
4375
15571
15464
27682
28765
32161
3283
23143
38673
20768
44080
27563
9240
1141
30968
19224
12277
3652
17137
31994
16454
5548
5894
20342
28078
30885
27975
16105
21503
17564
1844
20551
50008
23112
4540
46573
12640
17688
20966
10724
13389
11894
22695
18260
17336
16397
206
8842
19578
19763
17609
15343
9567
29708
23203
38201
13177
22429
33743
21742
4808
6373
14084
33152
6666
39112
7618
51512
39219
19713
28982
2697
50664
4636
161
16738
12021
5068
7150
8062
23740
21847
3421
13373
9477
27160
11941
6516
1498
3167
50490
2321
19508
48750
18079
12624
29446
11158
6631
20253
18899
49734
11476
34286
193
15816
11182
11188
10910
39138
9111
8379
2463
37020
35311
23458
49630
37589
7080
7088
5891
605
3859
883
9590
9041
44153
19936
41950
6827
12236
10560
9519
32903
28067
9127
35345
12986
28921
8976
3403
6305
549
20655
9995
11034
2333
2435
21248
4507
29428
29423
35102
33306
18991
5138
9230
20494
31665
38666
11262
7894
8556
10310
12039
12038
35270
6754
5808
17080
33031
19208
14167
18317
6457
1662
33466
10938
457
35410
39117
10605
32527
35338
43218
26957
1977
8453
22823
38710
38717
39192
19650
1058
30836
3544
38697
3150
3155
24340
22066
5141
11551
43084
12398
9747
23276
8020
9189
17979
7921
34298
22353
5647
41282
13919
16633
3634
15466
16289
2817
6469
9433
3786
39493
25163
21888
14606
22774
758
19120
9059
9215
15740
3087
4496
5320
8824
33538
52146
27454
22171
6083
14174
11264
3667
4232
35359
5966
11198
7735
3411
16464
556
30201
5536
3810
31817
5280
14527
5702
17180
1227
27907
21534
32165
6865
5372
21012
37687
7243
8742
4659
36892
37646
44781
10714
20264
44234
16699
10524
9557
39852
643
28027
10928
49826
1355
11637
10408
21739
8444
57
18199
17562
17566
5346
1026
2380
36858
33397
4325
14296
14435
10727
10721
17496
32200
33435
52321
7453
2300
49786
17982
27479
4801
10148
42515
15415
11590
8608
11005
22740
7027
49333
5552
15513
17202
28663
6844
7386
19553
6202
4638
22621
9703
11801
17090
20584
1593
27057
27056
31735
34015
27784
42067
20178
17708
463
12707
4522
19295
1492
8463
35690
7393
16781
2959
33424
33427
19662
41474
9874
6635
5159
36320
5630
9254
10707
41542
13984
5869
33032
4769
12480
7776
5579
30074
47366
12755
3367
1992
27765
53691
42030
10997
15393
4336
22049
15538
13398
16072
11762
48787
21434
42325
7207
17170
15829
5666
10754
7178
19688
7919
9916
9919
22418
34031
19182
19233
16847
286
38883
6302
10132
11263
20410
3339
1210
4361
5969
27910
24495
31088
14631
30844
650
19726
21002
44095
1741
16427
5613
10184
22656
9776
37980
44978
49340
4784
10338
15698
5417
5906
21370
452
4864
8674
3347
19829
26956
1973
18421
16020
1799
23087
31931
49887
45542
35209
18714
14997
22355
35653
5644
13335
16637
3390
6138
18610
16860
27287
19410
10155
1615
16121
32808
20677
11901
7010
11314
16578
27198
1905
50554
5118
7892
9218
18242
7477
11778
48799
22483
26390
9500
27237
37409
21654
10745
11838
17310
9909
46673
17105
12169
2826
20163
15578
359
9465
41581
16176
11978
23158
50222
5913
10796
6862
6053
29862
39930
11724
7249
37818
3177
12008
2047
44909
26840
8883
4795
6265
20339
45970
31443
26138
37464
22233
49827
24454
48947
49829
22715
2878
27778
32937
14218
11920
15439
15977
611
28536
15223
9852
15527
46116
10729
2934
6792
29810
21288
16936
23907
495
41290
7102
14777
8681
43141
23436
6102
12991
8118
12146
2070
14122
31262
37942
38750
17999
31365
19610
20667
15923
11008
3307
11323
19860
1200
15517
35677
6842
31674
10061
11081
48287
15590
16730
20285
29758
2719
35501
5835
12788
17367
6288
869
19217
17110
16415
44351
23468
22732
33978
7832
6517
2858
28530
15622
21696
6636
15893
13820
11548
12016
12010
20259
15555
33751
13981
16000
7947
23716
9941
19741
2558
29259
3456
17439
4452
591
18101
11226
19053
35319
23808
23809
23807
28849
9193
27309
18689
15217
13210
29475
8788
8436
9046
30134
38316
46162
35741
26593
34178
31130
28419
8834
6220
17177
48141
29131
21644
38805
11277
7289
8972
34910
30033
29959
24418
12723
21128
9030
37864
7595
11698
5924
8773
8488
16252
27575
31231
14867
22652
22653
44640
4199
35274
49261
32162
13756
2575
10474
14166
4068
19993
6330
5414
2609
22117
3972
21173
2449
35337
35331
4537
4533
23675
44162
14209
14207
42091
19321
2170
15790
39442
6079
29880
29755
21239
25786
49817
22540
4676
37155
13049
35205
4777
8729
19250
33574
12064
20137
33011
48173
5300
18795
33472
42415
16985
8341
3631
12158
1982
18451
6362
2208
39972
14072
15957
11016
16372
22773
11311
15208
19782
53142
30776
36476
4492
12546
20737
42330
9505
22813
31213
32268
7165
10589
22400
31724
2013
17477
3207
13443
13196
14792
29082
12933
6986
11347
16581
20051
20053
5124
8274
6953
27909
45708
21943
14324
11398
15985
2356
3891
35578
14615
17678
8749
44082
25842
8536
2739
45351
17958
9559
9551
29249
24243
186
4053
35575
7133
30267
35309
9437
36026
16805
25606
6691
12307
10233
9076
6613
5178
52122
19767
5656
38837
17411
13308
12896
9733
20802
8355
38467
37322
11418
44057
39324
41489
377
10976
20467
11009
21898
16365
37871
17203
17207
10264
35721
35722
49293
36377
7400
32686
3502
1756
9537
2699
2691
29110
18942
16751
38378
13084
23177
7485
19004
21454
26861
3677
8915
29015
29014
31112
35325
8142
9011
11679
10256
41693
15781
28835
39227
21021
17666
11159
998
3612
7644
13828
17251
22671
19581
8866
35620
29987
10913
53274
21312
6883
30275
14386
6943
12125
9329
8947
6685
10167
29128
16131
10998
48278
23802
46456
17891
10816
10814
3855
3133
8573
6018
5087
5853
3528
14654
15296
6225
25571
15311
10759
52159
6091
7171
27891
28593
6118
6112
53107
14358
15401
5791
16846
26692
42246
3183
348
11612
35444
12726
8634
16352
43222
16593
24804
41608
5690
20492
4936
18226
42258
12568
1887
17006
30846
24512
31433
31436
33396
30623
7667
20277
52161
30350
13650
7968
21856
46242
15158
6526
7758
17126
27781
27787
18314
19992
5418
2608
5903
46492
12778
42441
10603
10604
3340
4255
12105
15612
15618
29921
22829
34453
28134
16320
49499
27325
25259
3541
16520
9467
20993
25862
5142
7651
16887
17248
13046
8559
5255
37318
35576
40825
35590
22250
32065
4775
8728
39179
11212
39839
7934
21491
3393
16286
6468
2819
28689
15661
4992
3252
17504
8610
25161
49441
3868
20007
35956
3120
34403
11503
21562
15424
6837
15743
10552
8829
22485
8710
4605
27798
38819
28095
3008
21143
47908
5827
20821
27049
21924
38446
6907
12167
1402
2014
13369
23106
20409
17532
10083
36952
12930
14697
19113
22522
46671
16791
4946
18559
33374
29221
19241
15253
16504
9081
10712
10713
5806
5819
12279
23721
15126
47249
4794
4792
6260
6269
42989
22
42089
9458
16456
42525
3963
13975
16611
362
29541
22453
25932
19148
52254
2870
15602
33983
8281
5920
65
19833
52580
6061
49874
15979
38769
33294
31474
33584
17274
9270
18261
7186
5848
8841
4743
20719
20714
6230
24862
17416
6713
5036
38584
41298
19693
19698
4564
8686
8689
34029
35377
38468
6922
11415
27742
25583
3191
14248
53292
35450
35451
1773
23865
27150
25423
33780
3223
19615
13461
7308
6893
2404
36975
9302
4570
24906
4921
51890
16337
48276
48277
6206
8492
25056
36833
29118
18369
28082
45541
5452
6742
38558
14846
7489
43360
11782
11783
26868
9932
28062
15147
6284
6283
5216
18653
41771
4853
14179
4075
1654
9788
22102
23850
18861
3214
10094
15918
22169
34635
14517
19291
23669
27710
44943
28597
6553
39223
9873
28317
4640
15897
15898
3743
21932
20861
5935
8861
15134
6256
34288
35627
19469
31061
30278
12126
9324
24235
33449
47378
10162
26266
19634
21210
9192
31148
35397
4331
25800
6609
5422
35512
10041
16929
26807
8505
22907
20727
6192
27221
8166
13318
20115
12862
22601
45969
49272
7828
28499
5500
5797
11402
16849
3404
14114
49350
6306
19012
7999
7333
14682
43481
53166
53167
9371
20028
37863
6653
6383
5132
5698
21543
35732
21958
14012
33626
46485
30848
25268
19893
7278
8776
49857
9528
31236
5618
46841
44642
4198
5385
8052
8051
8319
4782
6277
8928
16448
43211
12100
1976
44359
2840
20913
15616
14205
7568
13895
27118
22190
2176
3265
38924
30543
2371
1875
31870
31480
25255
14589
42523
51812
14916
11603
1791
34568
8219
8210
15472
5253
9749
46003
12217
9975
38618
33694
13500
6243
8189
43175
5649
46891
2755
5025
35367
