29
33
12
23
30
60
233
42
81
474
251
48
144
27
722
922
52
388
122
473
51
160
644
775
72
16
104
297
139
749
477
995
235
766
813
100
1003
877
301
304
778
99
80
466
969
886
239
770
850
314
83
930
142
67
863
44
458
340
828
49
663
912
25
476
438
1028
73
748
307
312
630
467
295
531
282
1030
1319
1015
823
942
137
902
792
245
978
1018
492
299
143
921
31
745
368
131
2045
1576
574
456
316
289
834
481
536
101
692
419
905
393
1036
993
1413
1023
972
782
1334
1280
279
355
439
1017
84
814
623
365
465
838
1863
1077
1235
1557
66
1245
888
1894
907
1066
2377
767
992
1124
3720
751
761
831
416
1042
789
1038
1033
3216
6
475
397
967
584
2228
824
708
1101
527
870
428
482
10268
626
391
785
4300
563
1162
683
498
764
1821
449
1545
705
1636
451
2351
1571
1065
28
2863
148
1410
1341
1196
1029
425
1361
1572
550
515
2247
988
1041
1297
1735
925
887
721
469
1025
966
1032
1363
483
977
470
2
2081
555
420
1071
1040
551
491
876
273
479
3832
389
1595
825
1120
76
7260
534
2383
1400
895
3903
2583
175
1608
1924
638
1777
1474
1089
422
2022
1153
1073
1329
951
2413
2829
2214
884
448
329
1915
306
252
3290
841
1202
4323
3699
928
484
399
1367
2379
10677
1389
762
971
1016
1365
117
613
920
277
646
1506
1079
2041
1332
1181
1145
1487
1552
760
725
2185
5266
728
2011
9
3816
1302
1116
291
706
1157
183
320
2188
1559
1345
82
1366
1100
1630
298
9708
1418
1424
4362
3457
2544
4752
3812
3632
1020
1513
625
6411
2171
2912
1130
2822
1641
755
5406
1947
1155
288
5729
1372
1983
6238
598
1912
1507
13581
10178
1395
6263
1161
575
88
7350
2364
1135
1149
3042
2234
1462
9068
2136
2369
1262
985
606
980
1452
2295
102
1099
3799
668
172
3385
1603
426
1826
4219
3086
1132
7367
1508
3899
2061
10133
11230
1213
7993
54
1056
617
779
750
486
1211
125
1021
783
1321
141
2150
5535
1667
1906
1396
1923
3002
1739
2124
37625
95
1067
1546
1511
3755
86
1480
709
308
275
1217
713
655
5521
6479
1716
763
1635
424
2417
808
784
3688
840
2726
1952
1463
890
752
6422
4754
3646
1391
1538
1095
127
1440
310
1254
1755
35
47540
7361
1098
2836
845
986
2461
16865
1137
1103
1123
7340
1404
2298
3429
1479
597
1138
2469
1450
970
4159
3006
309
952
4101
305
32
71
629
1253
5823
4315
864
5149
742
1833
276
906
1544
1676
2363
19974
46
2172
5117
2444
7765
4360
1954
17
1502
384
79
330
4863
267
158
10134
1233
3819
4309
27145
1416
849
2087
12043
822
2492
8137
315
343
987
47542
837
9400
1184
1322
4258
511
1558
6309
2030
2236
6367
87
939
1698
353
1050
10267
3950
1951
4384
4335
1988
2458
2372
6423
4187
10360
1167
155
489
854
1907
2672
754
4761
3633
583
1663
5783
2465
10295
9173
1255
3504
9837
2111
16628
1646
3138
6394
3450
7330
472
1421
661
832
19036
1125
3232
903
2179
1614
1005
10631
2606
2191
89
460
2487
3132
5509
1901
2619
1323
2982
2523
2320
821
2222
1172
2580
973
581
2287
1238
1460
229
4367
1154
268
7441
242
1176
2291
2783
1651
3472
5837
746
5950
5688
10775
2917
539
2470
932
2866
403
332
1987
2319
2330
9000
4524
9289
6405
1398
2165
1880
1870
55
2883
9624
1909
1904
1953
2038
8081
4698
4937
827
1179
1746
1752
1806
2528
3970
1493
4717
1350
1114
3438
3931
437
2065
1580
1300
5133
1150
2525
2807
2271
116
3518
1524
3186
3946
3379
45
1835
173
4067
3813
9397
50
682
2628
2174
2694
747
1279
3996
1758
14
11384
6923
9931
138
1268
1134
385
93
1652
3342
1306
380
3055
1605
996
4094
652
119
1004
68
41
124
1703
1218
3556
718
3620
2684
9395
9291
1383
2620
593
10059
533
1725
10077
2657
2123
1425
2169
192
11594
446
11072
6254
744
1148
5072
25007
1926
168
2390
1310
994
1910
1560
5546
5570
1505
1307
471
5008
1303
4058
1444
948
826
3309
4282
1823
4651
2846
1713
6340
2882
684
1151
5340
3492
2388
6235
5354
1128
2567
1417
649
5116
10862
1481
2839
3839
13916
1192
2326
1737
1900
1139
2310
92
5558
2717
4702
2531
2924
3937
768
9399
2028
894
3149
612
2534
3094
6745
2956
1547
1223
6119
3721
2121
12789
12104
10850
12173
8107
2479
3003
790
3070
9689
133
10606
5640
2809
2899
1349
2348
1258
1047
10917
1104
5735
9175
2493
1817
2857
2084
485
411
1848
815
1420
2614
949
6672
4699
2117
5212
809
230
1432
530
3275
1581
234
2868
5386
241
4059
1340
5007
926
7878
1950
2303
1491
1529
2212
6765
6323
6582
6298
1564
4321
6718
839
3065
2240
5859
1159
1722
1063
7966
1840
5638
7984
56
3019
1333
504
4685
5944
132
4121
2246
5080
927
6576
2424
4082
1288
2410
16576
8138
2579
891
364
2003
4339
10652
7291
1470
9838
27609
2457
9770
1678
5065
4271
1855
1561
2113
10341
2056
9508
3818
2175
21188
153
11133
52308
3698
909
1964
4104
2261
1690
7327
1814
1535
5367
4281
3074
1743
572
5444
2592
15
2346
1957
49316
2692
8755
16412
3407
1393
3254
5675
786
1526
5614
8091
5213
3439
1275
2710
4965
1813
1937
3885
8042
3453
3577
529
2677
4119
5889
5420
10135
10407
6899
10608
893
8962
7417
658
109
1197
1653
4594
2305
1119
35304
2148
5609
5
1638
10274
3088
723
1858
1859
1807
1293
85
10868
6381
2477
3848
264
1456
11023
2801
1822
1902
2797
1943
4956
2331
455
394
1291
2370
7235
4599
2095
1704
7052
3889
1
14780
6251
224
38733
1917
5717
1767
135
17812
1795
1753
1239
1861
1862
1927
955
1522
3630
10795
3032
811
1598
2904
6619
3401
151
4236
2958
3805
4380
1903
64
3904
1446
633
11025
507
200
4627
10378
679
118
2376
4414
1091
1935
12846
4342
400
1555
3447
11623
3
599
2204
182
1932
6352
688
11333
3669
1411
5852
38274
4417
654
10215
1299
1251
592
3417
10722
6429
3985
1499
737
3303
806
37734
258
10298
237
1489
6143
3511
1677
13728
1175
4841
4818
2646
3023
1993
2448
6167
12853
734
859
2004
4295
1701
2557
10315
6571
1435
878
1257
4646
5709
3562
5689
1237
3405
733
900
4296
9026
1284
1343
947
2600
107
11229
5713
10035
10377
4647
657
3262
11681
3387
374
3674
14817
5566
4265
2317
669
1792
6244
4385
4188
3679
923
1766
4244
1129
3230
12408
6144
4512
9070
5081
2101
1160
3256
889
2309
8066
3821
2777
12344
6296
984
2568
7399
9322
3696
3727
738
7764
1659
4049
149
1249
1092
1201
2714
4454
3854
2341
1666
4899
6701
3082
847
1208
114
433
2472
3425
3040
4551
7995
2952
345
3363
453
1898
2648
931
1328
1045
5331
7708
6664
3626
2108
1081
2142
2713
3208
5345
1027
639
14629
695
4423
1472
2224
3849
8388
6116
2894
8422
716
2664
3798
1105
1215
1152
4257
759
2193
4246
15675
9184
1454
1272
366
6967
1918
1500
958
8366
914
1994
1031
2727
5193
3785
524
2645
4103
5064
4973
3930
11209
3822
179
13206
386
918
2584
2268
5327
2252
901
6564
2524
1478
589
4820
4018
3809
5412
12695
2731
13142
2641
3061
5601
11865
5211
2796
1573
3692
4095
1484
3031
77
1708
538
3115
7483
2752
788
6410
4875
129
15079
979
11605
632
10088
4944
1726
4593
16939
9163
1885
10536
1714
1610
585
6858
4851
1371
2529
3936
1364
7530
5153
198
2927
5912
3285
1934
3826
711
6357
6640
11725
6913
794
4204
5329
6864
38351
1849
9252
4338
7657
5948
2735
4972
6048
4048
4828
4387
1308
1046
280
1158
3465
3397
3444
3501
3427
5962
12067
4418
3896
5156
4359
3491
6848
3165
1082
2546
10013
8109
12337
3174
2869
1569
3915
5123
1013
5361
1504
1068
1884
6364
2918
232
2015
11084
8026
27313
1206
1376
2362
1728
14259
1267
1775
1466
11365
4
28701
4153
3471
5594
1049
3299
3157
10051
4834
4527
4166
17072
3178
2141
4180
2667
4275
4829
2313
1182
1925
11690
2012
2232
10571
11945
541
6476
2109
2596
1285
2260
3330
2149
5485
3043
11089
1455
1958
1786
499
1283
1434
4090
2231
2308
11997
2564
962
480
2334
4364
4470
2896
2593
11375
681
5878
872
44039
3325
2112
4952
7272
2920
2090
2949
12978
1263
10892
3103
4672
1085
4415
16795
8351
712
2396
3942
4967
3414
10696
14736
10987
956
180
618
9406
672
3749
8838
2342
5102
3211
3244
369
2627
417
9939
2665
8946
1392
3431
4397
2088
12461
2688
257
2181
2155
1649
10
5725
392
1035
3334
3107
2009
16797
4249
6797
3934
1070
11737
803
11240
47472
9065
6787
429
3201
1388
38
1846
5170
136
11087
3249
6095
2067
16590
12034
2816
3009
1627
10562
3338
10314
7730
4797
694
1860
1443
2587
22043
4493
1485
7677
6261
2021
12444
7020
1757
4509
16660
1096
14129
3900
7490
4066
454
6803
10423
37640
4156
776
13518
2408
16915
3525
3071
547
2971
19653
1696
3276
1325
6321
2791
793
2747
4164
5024
3924
1805
8226
2096
2190
189
6153
621
1913
1360
47
415
11001
5973
11157
3622
6936
11408
11299
1304
356
6415
493
1527
2052
3695
333
10080
2429
1674
7621
3825
22271
1637
14206
6958
14873
968
1231
1853
1246
729
35211
910
3368
1269
13223
1054
1568
105
4742
7021
11166
10598
3710
5273
7994
1922
2343
5383
8246
1330
4381
2122
1259
1093
7480
1734
7836
1039
2970
2286
2733
5047
10481
2131
28151
1264
1632
9319
12793
2786
1415
2456
5248
4456
8648
2770
540
5205
1645
2471
11303
8635
1839
2637
3377
1375
14661
516
1034
4366
578
12316
5541
2764
2616
462
5803
7219
4416
4088
418
1014
4223
4169
2588
2835
2184
1242
14704
20559
532
7517
15937
4703
3260
6627
13709
9292
6675
8900
10698
14214
2803
5392
9358
1914
5807
3949
11391
6215
9613
3499
53
9853
431
608
2928
8566
3413
3758
2730
5035
3459
5082
4358
1451
3289
2539
5055
2903
3837
12106
7950
13
3143
1759
9938
2242
3527
16254
2036
10296
1566
3910
1541
5191
568
3853
3033
146
6725
11044
2118
9244
7073
6791
4457
9841
580
810
4732
2661
10911
4273
9542
1893
17608
18164
37629
2210
15530
656
1458
4896
2990
4991
13250
4150
6502
7976
3526
7200
1102
6527
6051
5373
11729
13972
7026
4637
9031
2100
11175
45949
37624
2391
4474
3707
7397
96
6409
4400
45379
12926
4751
1509
5411
8095
7346
7221
9152
4002
2788
7324
4943
8196
3750
3905
3582
1684
5330
801
12179
9925
2892
2128
4868
16967
6414
15114
49217
7398
2954
13670
601
49810
120
9664
26760
5234
1111
3192
1012
6661
14125
6327
13957
49365
4555
7566
820
1482
1194
6591
2484
3353
12233
3235
2522
4269
2044
4154
1548
28671
4108
2001
2182
3977
3866
5731
8429
2094
6861
28856
4748
6920
13249
796
16154
15756
4725
2536
1317
6562
1216
13651
1719
7096
7162
28393
27261
6109
9023
5317
1346
5267
10690
16451
8115
21279
2406
1043
26096
2566
10595
405
4843
6625
3209
6418
3212
2856
311
6090
5009
1883
13999
15808
4306
1131
2358
6764
3969
13410
4521
9129
2335
1212
4683
5204
5530
4468
3067
3733
1591
11428
10468
3135
14680
1292
9920
4490
1409
11720
7370
3064
860
5409
10252
9875
3184
18842
1057
2590
5945
2915
12513
1471
641
10437
4395
43424
3971
2283
4601
5706
2737
69
6497
13156
3104
6424
5763
2919
2329
15866
10031
10030
10374
3360
13601
9899
10936
4478
5626
500
6375
11007
2716
2361
19924
10755
17722
4093
1585
2757
44061
22308
18
20612
2384
10376
938
39843
2050
4621
11298
97
1117
11911
1010
11083
1750
1658
9626
8266
2160
6948
18342
10501
2280
4261
1960
293
1867
1447
7638
17383
26805
2066
4016
4365
12345
27352
7665
20594
1453
23007
3259
2423
4889
9489
11256
6912
11429
5583
171
121
7930
5263
11575
247
70
693
1191
11627
10547
6326
342
284
4117
12036
2929
5563
3311
8420
8097
6299
27348
3752
1320
15993
6881
28711
3693
4757
3947
4262
10050
33360
3568
1613
441
14298
6237
210
4954
5511
4484
10771
3907
965
6563
29102
1368
8102
3250
13013
6316
4372
2119
7672
10719
9339
2080
17829
6038
2550
4047
8863
9603
4624
34385
7564
47919
2048
27856
2023
2029
8364
2871
7230
14082
166
5398
964
4955
10655
16150
4587
10221
17839
7951
2765
28112
27064
7697
9879
23696
5890
11304
15321
852
4253
10873
2898
3056
6706
1271
17629
2942
244
11
7797
19132
10544
512
3611
8632
2336
1469
2239
11127
19478
3478
3827
2368
798
5856
402
7599
6886
12871
11288
7298
30577
3762
1707
1090
5733
21130
13465
15025
13980
5576
12863
3929
1183
11569
1156
2445
4231
23144
12828
5892
1475
4134
4953
3529
4287
7035
3574
765
4816
3782
22030
1147
2738
3372
11413
1628
5512
2243
3455
4041
7341
6561
15334
10225
3466
8208
1761
1679
48904
3221
1933
5180
2955
16074
3484
23810
12875
6730
3596
13777
4715
11140
1113
4394
10303
5585
110
11668
27914
7891
5801
3643
334
2758
3051
3944
39354
982
981
1199
1232
15621
2838
4254
16018
6247
3057
1768
12790
3203
3811
2387
12225
3687
2768
2409
11168
2957
2860
602
28795
10047
2314
5588
4581
14113
7111
7515
4914
1769
10458
11026
7823
2474
2876
6104
4392
167
3014
2086
313
3108
8212
1270
2517
11193
3893
4713
11143
2875
6840
19214
1657
21157
13312
1185
9527
10106
1088
9904
1543
3650
2274
10388
10190
5458
12708
6125
1809
11696
1744
3028
269
10425
3668
2258
7536
1783
11758
3382
21131
3095
461
7573
8607
4270
2581
3716
9515
3806
4979
9922
12210
9475
10699
444
9338
1961
11898
12078
4433
3600
6107
2615
4635
4070
4042
1689
3242
3691
13310
10136
20493
4113
9685
11191
4844
6568
660
1001
2156
24535
35253
5628
5893
2272
7022
15381
5712
3482
11452
1331
1301
14529
4791
45017
367
4481
5236
7432
8030
9944
4451
6889
10361
11617
2062
7812
1465
13345
12053
2827
8953
7248
35267
2473
10174
11136
10384
5776
7649
7
5166
13872
6724
6097
266
8775
1740
1583
1989
10982
6734
1647
1537
49528
1772
13232
4402
10942
3217
1945
590
8949
6275
4350
4650
